position_id,seed_price,position_value_at_seed,loan_amount,close_price,position_value_at_close,hold_value,impermanent_loss,impermanent_loss_pct,health_factor,should_liquidate,repay_amount,collateral_to_take
id#0,366.8100,1065.42,692.52,378.9063,1100.55,4087.35,-0.730742,-73.07,1.112437,No,0.00,0.00
id#1,366.8100,1739.95,1130.97,378.9063,1797.33,4478.38,-0.598665,-59.87,1.112437,No,0.00,0.00
id#2,366.8100,1232.02,800.82,378.9063,1272.65,5522.88,-0.769567,-76.96,1.112437,No,0.00,0.00
id#3,366.8100,1130.95,735.12,378.9063,1168.25,2610.39,-0.552463,-55.25,1.112437,No,0.00,0.00
id#4,366.8100,1379.08,896.40,378.9063,1424.56,5753.80,-0.752414,-75.24,1.112437,No,0.00,0.00
id#5,366.8100,1266.36,823.13,378.9063,1308.12,3584.67,-0.635080,-63.51,1.112437,No,0.00,0.00
id#6,366.8100,815.15,529.84,378.9063,842.03,3882.34,-0.783113,-78.31,1.112437,No,0.00,0.00
id#7,366.8100,1110.15,721.60,378.9063,1146.76,3305.07,-0.653029,-65.30,1.112437,No,0.00,0.00
id#8,366.8100,674.73,438.57,378.9063,696.98,5095.95,-0.863229,-86.32,1.112437,No,0.00,0.00
id#9,366.8100,1207.39,784.80,378.9063,1247.21,2593.97,-0.519190,-51.92,1.112437,No,0.00,0.00
id#10,366.8100,1182.45,768.59,378.9063,1221.45,4125.22,-0.703908,-70.39,1.112437,No,0.00,0.00
id#11,366.8100,1289.06,837.89,378.9063,1331.57,3774.84,-0.647251,-64.73,1.112437,No,0.00,0.00
id#12,366.8100,821.19,533.78,378.9063,848.27,5532.09,-0.846663,-84.67,1.112437,No,0.00,0.00
id#13,366.8100,1604.50,1042.93,378.9063,1657.41,4714.91,-0.648474,-64.85,1.112437,No,0.00,0.00
id#14,366.8100,835.30,542.95,378.9063,862.85,3853.15,-0.776066,-77.61,1.112437,No,0.00,0.00
id#15,366.8100,1265.20,822.38,378.9063,1306.92,2719.57,-0.519439,-51.94,1.112437,No,0.00,0.00
id#16,366.8100,919.82,597.88,378.9063,950.15,3356.03,-0.716883,-71.69,1.112437,No,0.00,0.00
id#17,366.8100,1473.16,957.56,378.9063,1521.74,5390.05,-0.717675,-71.77,1.112437,No,0.00,0.00
id#18,366.8100,1210.57,786.87,378.9063,1250.49,3657.70,-0.658121,-65.81,1.112437,No,0.00,0.00
id#19,366.8100,1922.07,1249.35,378.9063,1985.46,4048.14,-0.509538,-50.95,1.112437,No,0.00,0.00
id#20,366.8100,801.33,520.87,378.9063,827.76,4900.70,-0.831094,-83.11,1.112437,No,0.00,0.00
id#21,366.8100,1450.34,942.72,378.9063,1498.17,3033.50,-0.506125,-50.61,1.112437,No,0.00,0.00
id#22,366.8100,816.85,530.95,378.9063,843.79,4700.95,-0.820507,-82.05,1.112437,No,0.00,0.00
id#23,366.8100,1333.59,866.83,378.9063,1377.57,2569.74,-0.463927,-46.39,1.112437,No,0.00,0.00
id#24,366.8100,1559.27,1013.52,378.9063,1610.69,3882.85,-0.585179,-58.52,1.112437,No,0.00,0.00
id#25,366.8100,801.15,520.75,378.9063,827.57,6187.52,-0.866252,-86.63,1.112437,No,0.00,0.00
id#26,366.8100,1035.39,673.00,378.9063,1069.53,4133.74,-0.741268,-74.13,1.112437,No,0.00,0.00
id#27,366.8100,1272.63,827.21,378.9063,1314.60,6163.42,-0.786709,-78.67,1.112437,No,0.00,0.00
id#28,366.8100,1625.99,1056.89,378.9063,1679.61,4556.86,-0.631412,-63.14,1.112437,No,0.00,0.00
id#29,366.8100,1234.45,802.39,378.9063,1275.16,2662.94,-0.521148,-52.11,1.112437,No,0.00,0.00
id#30,366.8100,1267.76,824.04,378.9063,1309.57,5356.15,-0.755502,-75.55,1.112437,No,0.00,0.00
id#31,366.8100,1569.43,1020.13,378.9063,1621.19,4770.05,-0.660132,-66.01,1.112437,No,0.00,0.00
id#32,366.8100,1480.30,962.20,378.9063,1529.12,3369.69,-0.546214,-54.62,1.112437,No,0.00,0.00
id#33,366.8100,1258.54,818.05,378.9063,1300.04,2759.25,-0.528844,-52.88,1.112437,No,0.00,0.00
id#34,366.8100,679.98,441.99,378.9063,702.41,5118.12,-0.862761,-86.28,1.112437,No,0.00,0.00
id#35,366.8100,1111.56,722.51,378.9063,1148.22,3595.65,-0.680664,-68.07,1.112437,No,0.00,0.00
id#36,366.8100,1841.75,1197.14,378.9063,1902.48,4007.70,-0.525294,-52.53,1.112437,No,0.00,0.00
id#37,366.8100,638.51,415.03,378.9063,659.57,4530.57,-0.854418,-85.44,1.112437,No,0.00,0.00
id#38,366.8100,1216.12,790.48,378.9063,1256.22,3874.92,-0.675807,-67.58,1.112437,No,0.00,0.00
id#39,366.8100,1127.45,732.84,378.9063,1164.63,4503.72,-0.741408,-74.14,1.112437,No,0.00,0.00
id#40,366.8100,1464.03,951.62,378.9063,1512.31,4896.44,-0.691141,-69.11,1.112437,No,0.00,0.00
id#41,366.8100,1197.01,778.05,378.9063,1236.48,2534.66,-0.512172,-51.22,1.112437,No,0.00,0.00
id#42,366.8100,806.58,524.27,378.9063,833.18,5241.77,-0.841051,-84.11,1.112437,No,0.00,0.00
id#43,366.8100,1403.21,912.09,378.9063,1449.49,2869.29,-0.494827,-49.48,1.112437,No,0.00,0.00
id#44,366.8100,1474.96,958.72,378.9063,1523.60,4731.46,-0.677987,-67.80,1.112437,No,0.00,0.00
id#45,366.8100,672.09,436.86,378.9063,694.25,5176.88,-0.865894,-86.59,1.112437,No,0.00,0.00
id#46,366.8100,994.66,646.53,378.9063,1027.46,3282.36,-0.686974,-68.70,1.112437,No,0.00,0.00
id#47,366.8100,1052.03,683.82,378.9063,1086.73,5646.77,-0.807549,-80.75,1.112437,No,0.00,0.00
id#48,366.8100,1843.96,1198.57,378.9063,1904.77,3956.02,-0.518514,-51.85,1.112437,No,0.00,0.00
id#49,366.8100,666.22,433.04,378.9063,688.19,4032.11,-0.829322,-82.93,1.112437,No,0.00,0.00
id#50,366.8100,779.56,506.72,378.9063,805.27,5753.08,-0.860028,-86.00,1.112437,No,0.00,0.00
id#51,366.8100,890.42,578.77,378.9063,919.78,5087.32,-0.819201,-81.92,1.112437,No,0.00,0.00
id#52,366.8100,1170.10,760.56,378.9063,1208.68,4073.80,-0.703303,-70.33,1.112437,No,0.00,0.00
id#53,366.8100,1218.35,791.93,378.9063,1258.53,4935.26,-0.744992,-74.50,1.112437,No,0.00,0.00
id#54,366.8100,966.69,628.35,378.9063,998.57,5933.79,-0.831715,-83.17,1.112437,No,0.00,0.00
id#55,366.8100,1595.13,1036.83,378.9063,1647.73,3664.81,-0.550391,-55.04,1.112437,No,0.00,0.00
id#56,366.8100,661.64,430.07,378.9063,683.46,4109.71,-0.833696,-83.37,1.112437,No,0.00,0.00
id#57,366.8100,1259.86,818.91,378.9063,1301.41,4479.70,-0.709488,-70.95,1.112437,No,0.00,0.00
id#58,366.8100,1086.35,706.12,378.9063,1122.17,4778.00,-0.765138,-76.51,1.112437,No,0.00,0.00
id#59,366.8100,923.80,600.47,378.9063,954.26,3836.89,-0.751293,-75.13,1.112437,No,0.00,0.00
id#60,366.8100,1341.16,871.76,378.9063,1385.39,3412.66,-0.594043,-59.40,1.112437,No,0.00,0.00
id#61,366.8100,696.49,452.72,378.9063,719.46,5223.75,-0.862271,-86.23,1.112437,No,0.00,0.00
id#62,366.8100,954.09,620.16,378.9063,985.55,4259.61,-0.768629,-76.86,1.112437,No,0.00,0.00
id#63,366.8100,1130.84,735.04,378.9063,1168.13,2852.31,-0.590461,-59.05,1.112437,No,0.00,0.00
id#64,366.8100,1481.80,963.17,378.9063,1530.67,4627.16,-0.669200,-66.92,1.112437,No,0.00,0.00
id#65,366.8100,1261.41,819.92,378.9063,1303.01,2576.78,-0.494326,-49.43,1.112437,No,0.00,0.00
id#66,366.8100,1158.35,752.93,378.9063,1196.55,2783.55,-0.570138,-57.01,1.112437,No,0.00,0.00
id#67,366.8100,1102.77,716.80,378.9063,1139.13,4045.97,-0.718452,-71.85,1.112437,No,0.00,0.00
id#68,366.8100,928.99,603.85,378.9063,959.63,6415.32,-0.850416,-85.04,1.112437,No,0.00,0.00
id#69,366.8100,1672.48,1087.11,378.9063,1727.63,4285.21,-0.596839,-59.68,1.112437,No,0.00,0.00
id#70,366.8100,1317.53,856.40,378.9063,1360.98,4665.80,-0.708307,-70.83,1.112437,No,0.00,0.00
id#71,366.8100,1481.94,963.26,378.9063,1530.81,3649.91,-0.580591,-58.06,1.112437,No,0.00,0.00
id#72,366.8100,1537.12,999.13,378.9063,1587.81,3412.32,-0.534684,-53.47,1.112437,No,0.00,0.00
id#73,366.8100,621.88,404.22,378.9063,642.38,4970.21,-0.870753,-87.08,1.112437,No,0.00,0.00
id#74,366.8100,1093.04,710.48,378.9063,1129.09,3585.69,-0.685113,-68.51,1.112437,No,0.00,0.00
id#75,366.8100,1694.75,1101.59,378.9063,1750.64,3254.28,-0.462049,-46.20,1.112437,No,0.00,0.00
id#76,366.8100,1682.83,1093.84,378.9063,1738.32,4192.86,-0.585409,-58.54,1.112437,No,0.00,0.00
id#77,366.8100,543.88,353.52,378.9063,561.81,4598.39,-0.877824,-87.78,1.112437,No,0.00,0.00
id#78,366.8100,1123.93,730.55,378.9063,1160.99,4617.79,-0.748582,-74.86,1.112437,No,0.00,0.00
id#79,366.8100,1249.62,812.26,378.9063,1290.83,5713.33,-0.774066,-77.41,1.112437,No,0.00,0.00
id#80,366.8100,1446.11,939.97,378.9063,1493.80,3007.76,-0.503352,-50.34,1.112437,No,0.00,0.00
id#81,366.8100,1118.80,727.22,378.9063,1155.69,5461.68,-0.788400,-78.84,1.112437,No,0.00,0.00
id#82,366.8100,674.56,438.46,378.9063,696.80,4633.67,-0.849622,-84.96,1.112437,No,0.00,0.00
id#83,366.8100,1091.28,709.33,378.9063,1127.26,2890.09,-0.609956,-61.00,1.112437,No,0.00,0.00
id#84,366.8100,1178.14,765.79,378.9063,1216.99,6157.52,-0.802356,-80.24,1.112437,No,0.00,0.00
id#85,366.8100,1159.61,753.75,378.9063,1197.85,3142.45,-0.618816,-61.88,1.112437,No,0.00,0.00
id#86,366.8100,643.37,418.19,378.9063,664.59,4172.92,-0.840739,-84.07,1.112437,No,0.00,0.00
id#87,366.8100,1001.17,650.76,378.9063,1034.18,5666.21,-0.817482,-81.75,1.112437,No,0.00,0.00
id#88,366.8100,1160.04,754.02,378.9063,1198.29,3570.88,-0.664427,-66.44,1.112437,No,0.00,0.00
id#89,366.8100,1269.85,825.40,378.9063,1311.73,4899.04,-0.732248,-73.22,1.112437,No,0.00,0.00
id#90,366.8100,676.63,439.81,378.9063,698.94,4194.89,-0.833382,-83.34,1.112437,No,0.00,0.00
id#91,366.8100,1040.55,676.36,378.9063,1074.86,6153.63,-0.825329,-82.53,1.112437,No,0.00,0.00
id#92,366.8100,958.67,623.13,378.9063,990.28,6904.53,-0.856576,-85.66,1.112437,No,0.00,0.00
id#93,366.8100,1444.49,938.92,378.9063,1492.13,3344.92,-0.553912,-55.39,1.112437,No,0.00,0.00
id#94,366.8100,839.69,545.80,378.9063,867.38,5847.86,-0.851676,-85.17,1.112437,No,0.00,0.00
id#95,366.8100,1137.25,739.21,378.9063,1174.75,3395.39,-0.654017,-65.40,1.112437,No,0.00,0.00
id#96,366.8100,941.28,611.83,378.9063,972.32,3396.09,-0.713693,-71.37,1.112437,No,0.00,0.00
id#97,366.8100,1803.87,1172.52,378.9063,1863.36,3975.01,-0.531232,-53.12,1.112437,No,0.00,0.00
id#98,366.8100,1788.25,1162.36,378.9063,1847.22,4168.84,-0.556898,-55.69,1.112437,No,0.00,0.00
id#99,366.8100,864.14,561.69,378.9063,892.64,5115.09,-0.825489,-82.55,1.112437,No,0.00,0.00
id#100,366.8100,1451.56,943.51,378.9063,1499.43,2821.91,-0.468648,-46.86,1.112437,No,0.00,0.00
id#101,366.8100,811.97,527.78,378.9063,838.75,3826.15,-0.780785,-78.08,1.112437,No,0.00,0.00
id#102,366.8100,981.36,637.89,378.9063,1013.72,5487.19,-0.815256,-81.53,1.112437,No,0.00,0.00
id#103,366.8100,1559.39,1013.60,378.9063,1610.81,3446.77,-0.532661,-53.27,1.112437,No,0.00,0.00
id#104,366.8100,1088.97,707.83,378.9063,1124.88,4314.17,-0.739259,-73.93,1.112437,No,0.00,0.00
id#105,366.8100,1038.31,674.90,378.9063,1072.55,4352.13,-0.753557,-75.36,1.112437,No,0.00,0.00
id#106,366.8100,1672.26,1086.97,378.9063,1727.41,3653.25,-0.527159,-52.72,1.112437,No,0.00,0.00
id#107,366.8100,855.29,555.94,378.9063,883.50,4513.14,-0.804239,-80.42,1.112437,No,0.00,0.00
id#108,366.8100,988.70,642.65,378.9063,1021.30,3710.54,-0.724757,-72.48,1.112437,No,0.00,0.00
id#109,366.8100,1078.33,700.92,378.9063,1113.89,4763.51,-0.766161,-76.62,1.112437,No,0.00,0.00
id#110,366.8100,885.59,575.63,378.9063,914.79,5235.14,-0.825259,-82.53,1.112437,No,0.00,0.00
id#111,366.8100,1220.05,793.03,378.9063,1260.28,2541.88,-0.504193,-50.42,1.112437,No,0.00,0.00
id#112,366.8100,954.29,620.29,378.9063,985.76,4014.76,-0.754465,-75.45,1.112437,No,0.00,0.00
id#113,366.8100,1237.41,804.32,378.9063,1278.22,3317.66,-0.614723,-61.47,1.112437,No,0.00,0.00
id#114,366.8100,603.24,392.11,378.9063,623.14,4966.22,-0.874525,-87.45,1.112437,No,0.00,0.00
id#115,366.8100,672.81,437.33,378.9063,694.99,5143.58,-0.864881,-86.49,1.112437,No,0.00,0.00
id#116,366.8100,1173.04,762.48,378.9063,1211.73,3468.74,-0.650672,-65.07,1.112437,No,0.00,0.00
id#117,366.8100,1274.00,828.10,378.9063,1316.01,2655.46,-0.504414,-50.44,1.112437,No,0.00,0.00
id#118,366.8100,1530.94,995.11,378.9063,1581.43,3167.89,-0.500794,-50.08,1.112437,No,0.00,0.00
id#119,366.8100,898.01,583.71,378.9063,927.63,3645.13,-0.745517,-74.55,1.112437,No,0.00,0.00
id#120,366.8100,532.23,345.95,378.9063,549.78,4516.53,-0.878273,-87.83,1.112437,No,0.00,0.00
id#121,366.8100,1350.47,877.81,378.9063,1395.01,3802.82,-0.633165,-63.32,1.112437,No,0.00,0.00
id#122,366.8100,1536.78,998.91,378.9063,1587.46,3055.27,-0.480420,-48.04,1.112437,No,0.00,0.00
id#123,366.8100,1523.51,990.28,378.9063,1573.75,4178.43,-0.623363,-62.34,1.112437,No,0.00,0.00
id#124,366.8100,1010.02,656.51,378.9063,1043.33,5913.25,-0.823561,-82.36,1.112437,No,0.00,0.00
id#125,366.8100,1376.73,894.87,378.9063,1422.13,3518.46,-0.595810,-59.58,1.112437,No,0.00,0.00
id#126,366.8100,889.22,578.00,378.9063,918.55,5648.78,-0.837390,-83.74,1.112437,No,0.00,0.00
id#127,366.8100,713.06,463.49,378.9063,736.57,3819.77,-0.807168,-80.72,1.112437,No,0.00,0.00
id#128,366.8100,906.88,589.47,378.9063,936.79,6508.78,-0.856073,-85.61,1.112437,No,0.00,0.00
id#129,366.8100,875.92,569.35,378.9063,904.81,5979.46,-0.848681,-84.87,1.112437,No,0.00,0.00
id#130,366.8100,583.12,379.03,378.9063,602.35,4276.81,-0.859159,-85.92,1.112437,No,0.00,0.00
id#131,366.8100,859.13,558.44,378.9063,887.46,4864.50,-0.817563,-81.76,1.112437,No,0.00,0.00
id#132,366.8100,1604.39,1042.86,378.9063,1657.30,4813.31,-0.655683,-65.57,1.112437,No,0.00,0.00
id#133,366.8100,1269.39,825.10,378.9063,1311.25,2719.89,-0.517904,-51.79,1.112437,No,0.00,0.00
id#134,366.8100,807.77,525.05,378.9063,834.41,5210.05,-0.839845,-83.98,1.112437,No,0.00,0.00
id#135,366.8100,1546.94,1005.51,378.9063,1597.95,4121.03,-0.612244,-61.22,1.112437,No,0.00,0.00
id#136,366.8100,1224.20,795.73,378.9063,1264.57,6272.90,-0.798407,-79.84,1.112437,No,0.00,0.00
id#137,366.8100,1811.37,1177.39,378.9063,1871.10,3975.89,-0.529388,-52.94,1.112437,No,0.00,0.00
id#138,366.8100,920.99,598.64,378.9063,951.36,4215.22,-0.774304,-77.43,1.112437,No,0.00,0.00
id#139,366.8100,1645.39,1069.50,378.9063,1699.65,4299.27,-0.604665,-60.47,1.112437,No,0.00,0.00
id#140,366.8100,1507.08,979.60,378.9063,1556.78,3457.91,-0.549792,-54.98,1.112437,No,0.00,0.00
id#141,366.8100,631.05,410.18,378.9063,651.86,5016.73,-0.870063,-87.01,1.112437,No,0.00,0.00
id#142,366.8100,633.67,411.89,378.9063,654.57,4410.91,-0.851602,-85.16,1.112437,No,0.00,0.00
id#143,366.8100,1936.74,1258.88,378.9063,2000.61,3768.39,-0.469107,-46.91,1.112437,No,0.00,0.00
id#144,366.8100,1062.82,690.84,378.9063,1097.87,3461.62,-0.682845,-68.28,1.112437,No,0.00,0.00
id#145,366.8100,597.77,388.55,378.9063,617.49,4700.16,-0.868624,-86.86,1.112437,No,0.00,0.00
id#146,366.8100,1071.04,696.17,378.9063,1106.36,3777.78,-0.707142,-70.71,1.112437,No,0.00,0.00
id#147,366.8100,891.29,579.34,378.9063,920.68,7192.13,-0.871988,-87.20,1.112437,No,0.00,0.00
id#148,366.8100,1441.93,937.25,378.9063,1489.48,3139.94,-0.525635,-52.56,1.112437,No,0.00,0.00
id#149,366.8100,1554.53,1010.44,378.9063,1605.79,3062.02,-0.475578,-47.56,1.112437,No,0.00,0.00
id#150,366.8100,799.54,519.70,378.9063,825.91,4581.14,-0.819715,-81.97,1.112437,No,0.00,0.00
id#151,366.8100,1226.14,796.99,378.9063,1266.57,2913.60,-0.565290,-56.53,1.112437,No,0.00,0.00
id#152,366.8100,742.78,482.81,378.9063,767.27,4185.70,-0.816692,-81.67,1.112437,No,0.00,0.00
id#153,366.8100,1540.38,1001.25,378.9063,1591.17,3107.75,-0.487999,-48.80,1.112437,No,0.00,0.00
id#154,366.8100,1502.92,976.90,378.9063,1552.48,3611.45,-0.570122,-57.01,1.112437,No,0.00,0.00
id#155,366.8100,1059.47,688.66,378.9063,1094.41,4072.62,-0.731276,-73.13,1.112437,No,0.00,0.00
id#156,366.8100,666.40,433.16,378.9063,688.37,4901.00,-0.859545,-85.95,1.112437,No,0.00,0.00
id#157,366.8100,1248.14,811.29,378.9063,1289.30,4592.16,-0.719239,-71.92,1.112437,No,0.00,0.00
id#158,366.8100,1317.64,856.46,378.9063,1361.09,4826.42,-0.717992,-71.80,1.112437,No,0.00,0.00
id#159,366.8100,1831.94,1190.76,378.9063,1892.35,4124.72,-0.541217,-54.12,1.112437,No,0.00,0.00
id#160,366.8100,1091.96,709.78,378.9063,1127.97,2829.07,-0.601292,-60.13,1.112437,No,0.00,0.00
id#161,366.8100,1000.45,650.29,378.9063,1033.44,4620.65,-0.776343,-77.63,1.112437,No,0.00,0.00
id#162,366.8100,1033.87,672.02,378.9063,1067.97,4412.95,-0.757992,-75.80,1.112437,No,0.00,0.00
id#163,366.8100,864.67,562.04,378.9063,893.19,6710.70,-0.866901,-86.69,1.112437,No,0.00,0.00
id#164,366.8100,944.31,613.80,378.9063,975.45,3990.33,-0.755547,-75.55,1.112437,No,0.00,0.00
id#165,366.8100,747.46,485.85,378.9063,772.11,4827.27,-0.840053,-84.01,1.112437,No,0.00,0.00
id#166,366.8100,1043.16,678.05,378.9063,1077.56,3655.01,-0.705183,-70.52,1.112437,No,0.00,0.00
id#167,366.8100,976.11,634.47,378.9063,1008.29,3613.65,-0.720976,-72.10,1.112437,No,0.00,0.00
id#168,366.8100,1112.04,722.83,378.9063,1148.72,3408.67,-0.663001,-66.30,1.112437,No,0.00,0.00
id#169,366.8100,1793.36,1165.68,378.9063,1852.50,4182.92,-0.557128,-55.71,1.112437,No,0.00,0.00
id#170,366.8100,1178.11,765.77,378.9063,1216.96,3134.15,-0.611709,-61.17,1.112437,No,0.00,0.00
id#171,366.8100,1035.98,673.39,378.9063,1070.14,5475.03,-0.804541,-80.45,1.112437,No,0.00,0.00
id#172,366.8100,994.35,646.33,378.9063,1027.14,4527.52,-0.773134,-77.31,1.112437,No,0.00,0.00
id#173,366.8100,1390.76,903.99,378.9063,1436.62,3268.99,-0.560531,-56.05,1.112437,No,0.00,0.00
id#174,366.8100,1142.77,742.80,378.9063,1180.46,4775.55,-0.752812,-75.28,1.112437,No,0.00,0.00
id#175,366.8100,936.55,608.76,378.9063,967.44,5323.63,-0.818275,-81.83,1.112437,No,0.00,0.00
id#176,366.8100,859.43,558.63,378.9063,887.77,4998.65,-0.822398,-82.24,1.112437,No,0.00,0.00
id#177,366.8100,1497.26,973.22,378.9063,1546.63,3049.60,-0.492842,-49.28,1.112437,No,0.00,0.00
id#178,366.8100,826.25,537.06,378.9063,853.50,4082.48,-0.790936,-79.09,1.112437,No,0.00,0.00
id#179,366.8100,1373.60,892.84,378.9063,1418.90,2933.85,-0.516372,-51.64,1.112437,No,0.00,0.00
id#180,366.8100,914.46,594.40,378.9063,944.62,5219.04,-0.819006,-81.90,1.112437,No,0.00,0.00
id#181,366.8100,982.08,638.35,378.9063,1014.46,4197.02,-0.758290,-75.83,1.112437,No,0.00,0.00
id#182,366.8100,819.38,532.60,378.9063,846.40,5316.05,-0.840784,-84.08,1.112437,No,0.00,0.00
id#183,366.8100,995.14,646.84,378.9063,1027.95,4795.70,-0.785651,-78.57,1.112437,No,0.00,0.00
id#184,366.8100,1092.88,710.37,378.9063,1128.92,3475.30,-0.675158,-67.52,1.112437,No,0.00,0.00
id#185,366.8100,962.24,625.46,378.9063,993.97,5666.48,-0.824587,-82.46,1.112437,No,0.00,0.00
id#186,366.8100,1422.29,924.49,378.9063,1469.19,4347.93,-0.662094,-66.21,1.112437,No,0.00,0.00
id#187,366.8100,1113.84,724.00,378.9063,1150.57,3891.93,-0.704370,-70.44,1.112437,No,0.00,0.00
id#188,366.8100,1346.57,875.27,378.9063,1390.98,2997.17,-0.535903,-53.59,1.112437,No,0.00,0.00
id#189,366.8100,1194.99,776.74,378.9063,1234.40,2912.98,-0.576243,-57.62,1.112437,No,0.00,0.00
id#190,366.8100,1213.34,788.67,378.9063,1253.35,4278.34,-0.707048,-70.70,1.112437,No,0.00,0.00
id#191,366.8100,702.53,456.64,378.9063,725.70,5276.74,-0.862473,-86.25,1.112437,No,0.00,0.00
id#192,366.8100,1200.40,780.26,378.9063,1239.99,5832.25,-0.787391,-78.74,1.112437,No,0.00,0.00
id#193,366.8100,1295.32,841.96,378.9063,1338.03,2323.22,-0.424062,-42.41,1.112437,No,0.00,0.00
id#194,366.8100,1215.17,789.86,378.9063,1255.24,4492.97,-0.720622,-72.06,1.112437,No,0.00,0.00
id#195,366.8100,1879.01,1221.36,378.9063,1940.98,3750.72,-0.482507,-48.25,1.112437,No,0.00,0.00
id#196,366.8100,1410.11,916.57,378.9063,1456.61,4514.03,-0.677314,-67.73,1.112437,No,0.00,0.00
id#197,366.8100,1051.75,683.64,378.9063,1086.43,3507.62,-0.690265,-69.03,1.112437,No,0.00,0.00
id#198,366.8100,1483.20,964.08,378.9063,1532.11,4885.79,-0.686415,-68.64,1.112437,No,0.00,0.00
id#199,366.8100,945.67,614.69,378.9063,976.86,4391.24,-0.777544,-77.75,1.112437,No,0.00,0.00
id#200,366.8100,1398.50,909.03,378.9063,1444.62,2633.73,-0.451492,-45.15,1.112437,No,0.00,0.00
id#201,366.8100,811.14,527.24,378.9063,837.89,3732.08,-0.775490,-77.55,1.112437,No,0.00,0.00
id#202,366.8100,1003.66,652.38,378.9063,1036.76,5926.27,-0.825057,-82.51,1.112437,No,0.00,0.00
id#203,366.8100,667.91,434.14,378.9063,689.94,4750.85,-0.854776,-85.48,1.112437,No,0.00,0.00
id#204,366.8100,1683.60,1094.34,378.9063,1739.12,4234.98,-0.589344,-58.93,1.112437,No,0.00,0.00
id#205,366.8100,934.99,607.74,378.9063,965.82,6286.04,-0.846355,-84.64,1.112437,No,0.00,0.00
id#206,366.8100,865.38,562.50,378.9063,893.91,5538.65,-0.838604,-83.86,1.112437,No,0.00,0.00
id#207,366.8100,1253.01,814.46,378.9063,1294.33,2662.79,-0.513918,-51.39,1.112437,No,0.00,0.00
id#208,366.8100,743.28,483.13,378.9063,767.79,5783.62,-0.867248,-86.72,1.112437,No,0.00,0.00
id#209,366.8100,1254.43,815.38,378.9063,1295.80,4198.39,-0.691359,-69.14,1.112437,No,0.00,0.00
id#210,366.8100,1087.44,706.84,378.9063,1123.30,5843.43,-0.807766,-80.78,1.112437,No,0.00,0.00
id#211,366.8100,900.28,585.18,378.9063,929.97,4135.52,-0.775126,-77.51,1.112437,No,0.00,0.00
id#212,366.8100,593.89,386.03,378.9063,613.48,4634.57,-0.867630,-86.76,1.112437,No,0.00,0.00
id#213,366.8100,734.78,477.61,378.9063,759.02,4752.47,-0.840290,-84.03,1.112437,No,0.00,0.00
id#214,366.8100,1267.21,823.68,378.9063,1309.00,3056.34,-0.571711,-57.17,1.112437,No,0.00,0.00
id#215,366.8100,1340.45,871.29,378.9063,1384.66,2652.49,-0.477978,-47.80,1.112437,No,0.00,0.00
id#216,366.8100,1013.28,658.63,378.9063,1046.70,5255.20,-0.800826,-80.08,1.112437,No,0.00,0.00
id#217,366.8100,1735.49,1128.07,378.9063,1792.72,3702.04,-0.515748,-51.57,1.112437,No,0.00,0.00
id#218,366.8100,1375.14,893.84,378.9063,1420.49,3600.00,-0.605421,-60.54,1.112437,No,0.00,0.00
id#219,366.8100,618.46,402.00,378.9063,638.85,4751.28,-0.865541,-86.55,1.112437,No,0.00,0.00
id#220,366.8100,1269.76,825.34,378.9063,1311.63,4148.97,-0.683866,-68.39,1.112437,No,0.00,0.00
id#221,366.8100,972.42,632.07,378.9063,1004.49,4875.04,-0.793953,-79.40,1.112437,No,0.00,0.00
id#222,366.8100,738.93,480.31,378.9063,763.30,6315.36,-0.879136,-87.91,1.112437,No,0.00,0.00
id#223,366.8100,1433.05,931.48,378.9063,1480.30,5565.97,-0.734044,-73.40,1.112437,No,0.00,0.00
id#224,366.8100,572.54,372.15,378.9063,591.42,4578.76,-0.870834,-87.08,1.112437,No,0.00,0.00
id#225,366.8100,991.02,644.16,378.9063,1023.70,6370.85,-0.839315,-83.93,1.112437,No,0.00,0.00
id#226,366.8100,1351.10,878.21,378.9063,1395.65,5725.44,-0.756237,-75.62,1.112437,No,0.00,0.00
id#227,366.8100,1545.82,1004.78,378.9063,1596.80,3271.29,-0.511874,-51.19,1.112437,No,0.00,0.00
id#228,366.8100,1891.48,1229.46,378.9063,1953.85,4065.77,-0.519438,-51.94,1.112437,No,0.00,0.00
id#229,366.8100,1184.85,770.15,378.9063,1223.93,5315.38,-0.769738,-76.97,1.112437,No,0.00,0.00
id#230,366.8100,780.58,507.38,378.9063,806.32,5785.01,-0.860619,-86.06,1.112437,No,0.00,0.00
id#231,366.8100,893.00,580.45,378.9063,922.45,6843.07,-0.865200,-86.52,1.112437,No,0.00,0.00
id#232,366.8100,1017.06,661.09,378.9063,1050.60,4829.46,-0.782459,-78.25,1.112437,No,0.00,0.00
id#233,366.8100,620.95,403.62,378.9063,641.43,5088.34,-0.873941,-87.39,1.112437,No,0.00,0.00
id#234,366.8100,1035.67,673.18,378.9063,1069.82,4077.67,-0.737640,-73.76,1.112437,No,0.00,0.00
id#235,366.8100,1055.96,686.37,378.9063,1090.78,6657.10,-0.836148,-83.61,1.112437,No,0.00,0.00
id#236,366.8100,1878.14,1220.79,378.9063,1940.08,3872.08,-0.498957,-49.90,1.112437,No,0.00,0.00
id#237,366.8100,934.62,607.50,378.9063,965.44,3519.45,-0.725683,-72.57,1.112437,No,0.00,0.00
id#238,366.8100,924.84,601.15,378.9063,955.34,4529.91,-0.789103,-78.91,1.112437,No,0.00,0.00
id#239,366.8100,1199.04,779.37,378.9063,1238.58,4287.37,-0.711110,-71.11,1.112437,No,0.00,0.00
id#240,366.8100,1073.69,697.90,378.9063,1109.09,3443.56,-0.677922,-67.79,1.112437,No,0.00,0.00
id#241,366.8100,1463.83,951.49,378.9063,1512.10,4008.15,-0.622744,-62.27,1.112437,No,0.00,0.00
id#242,366.8100,673.88,438.02,378.9063,696.11,4075.33,-0.829190,-82.92,1.112437,No,0.00,0.00
id#243,366.8100,1229.46,799.15,378.9063,1270.01,3620.77,-0.649244,-64.92,1.112437,No,0.00,0.00
id#244,366.8100,1364.36,886.83,378.9063,1409.35,4590.60,-0.692992,-69.30,1.112437,No,0.00,0.00
id#245,366.8100,1004.51,652.93,378.9063,1037.64,5955.07,-0.825756,-82.58,1.112437,No,0.00,0.00
id#246,366.8100,1299.60,844.74,378.9063,1342.45,5462.50,-0.754242,-75.42,1.112437,No,0.00,0.00
id#247,366.8100,941.27,611.83,378.9063,972.31,3894.26,-0.750322,-75.03,1.112437,No,0.00,0.00
id#248,366.8100,1162.58,755.68,378.9063,1200.92,2617.59,-0.541213,-54.12,1.112437,No,0.00,0.00
id#249,366.8100,1110.64,721.92,378.9063,1147.27,6407.43,-0.820947,-82.09,1.112437,No,0.00,0.00
id#250,366.8100,1601.81,1041.17,378.9063,1654.63,4189.40,-0.605044,-60.50,1.112437,No,0.00,0.00
id#251,366.8100,1351.31,878.35,378.9063,1395.87,4294.17,-0.674937,-67.49,1.112437,No,0.00,0.00
id#252,366.8100,1198.75,779.19,378.9063,1238.28,5946.03,-0.791746,-79.17,1.112437,No,0.00,0.00
id#253,366.8100,1586.62,1031.30,378.9063,1638.94,5007.73,-0.672718,-67.27,1.112437,No,0.00,0.00
id#254,366.8100,1592.80,1035.32,378.9063,1645.33,3855.43,-0.573244,-57.32,1.112437,No,0.00,0.00
id#255,366.8100,1253.59,814.83,378.9063,1294.93,2879.95,-0.550364,-55.04,1.112437,No,0.00,0.00
id#256,366.8100,1108.57,720.57,378.9063,1145.13,4280.63,-0.732486,-73.25,1.112437,No,0.00,0.00
id#257,366.8100,1290.68,838.94,378.9063,1333.25,5071.69,-0.737120,-73.71,1.112437,No,0.00,0.00
id#258,366.8100,1491.82,969.68,378.9063,1541.02,5087.89,-0.697121,-69.71,1.112437,No,0.00,0.00
id#259,366.8100,658.78,428.21,378.9063,680.51,4378.32,-0.844573,-84.46,1.112437,No,0.00,0.00
id#260,366.8100,810.33,526.71,378.9063,837.05,5701.34,-0.853184,-85.32,1.112437,No,0.00,0.00
id#261,366.8100,1234.30,802.30,378.9063,1275.00,2510.64,-0.492159,-49.22,1.112437,No,0.00,0.00
id#262,366.8100,1573.42,1022.72,378.9063,1625.30,4886.84,-0.667413,-66.74,1.112437,No,0.00,0.00
id#263,366.8100,954.53,620.44,378.9063,986.00,4075.69,-0.758076,-75.81,1.112437,No,0.00,0.00
id#264,366.8100,1245.72,809.72,378.9063,1286.80,3397.97,-0.621304,-62.13,1.112437,No,0.00,0.00
id#265,366.8100,1135.28,737.93,378.9063,1172.72,5579.06,-0.789799,-78.98,1.112437,No,0.00,0.00
id#266,366.8100,1253.09,814.51,378.9063,1294.41,2994.91,-0.567798,-56.78,1.112437,No,0.00,0.00
id#267,366.8100,1171.97,761.78,378.9063,1210.62,2659.90,-0.544863,-54.49,1.112437,No,0.00,0.00
id#268,366.8100,1250.24,812.66,378.9063,1291.47,4823.38,-0.732248,-73.22,1.112437,No,0.00,0.00
id#269,366.8100,1617.07,1051.09,378.9063,1670.40,4779.20,-0.650486,-65.05,1.112437,No,0.00,0.00
id#270,366.8100,1619.75,1052.84,378.9063,1673.16,4708.18,-0.644626,-64.46,1.112437,No,0.00,0.00
id#271,366.8100,941.13,611.73,378.9063,972.16,5223.80,-0.813897,-81.39,1.112437,No,0.00,0.00
id#272,366.8100,1512.62,983.20,378.9063,1562.50,4264.70,-0.633619,-63.36,1.112437,No,0.00,0.00
id#273,366.8100,858.30,557.89,378.9063,886.60,4914.55,-0.819597,-81.96,1.112437,No,0.00,0.00
id#274,366.8100,1136.57,738.77,378.9063,1174.05,3457.09,-0.660393,-66.04,1.112437,No,0.00,0.00
id#275,366.8100,957.12,622.13,378.9063,988.68,6017.53,-0.835700,-83.57,1.112437,No,0.00,0.00
id#276,366.8100,1091.43,709.43,378.9063,1127.42,5740.80,-0.803613,-80.36,1.112437,No,0.00,0.00
id#277,366.8100,1777.98,1155.69,378.9063,1836.61,3908.99,-0.530157,-53.02,1.112437,No,0.00,0.00
id#278,366.8100,991.84,644.70,378.9063,1024.55,4382.68,-0.766228,-76.62,1.112437,No,0.00,0.00
id#279,366.8100,1065.63,692.66,378.9063,1100.77,6514.20,-0.831020,-83.10,1.112437,No,0.00,0.00
id#280,366.8100,858.52,558.04,378.9063,886.83,4245.73,-0.791124,-79.11,1.112437,No,0.00,0.00
id#281,366.8100,1423.10,925.01,378.9063,1470.03,4562.21,-0.677782,-67.78,1.112437,No,0.00,0.00
id#282,366.8100,1407.24,914.71,378.9063,1453.65,4188.38,-0.652933,-65.29,1.112437,No,0.00,0.00
id#283,366.8100,663.58,431.33,378.9063,685.46,4717.86,-0.854709,-85.47,1.112437,No,0.00,0.00
id#284,366.8100,1039.20,675.48,378.9063,1073.47,5193.59,-0.793308,-79.33,1.112437,No,0.00,0.00
id#285,366.8100,1136.73,738.87,378.9063,1174.21,5190.27,-0.773767,-77.38,1.112437,No,0.00,0.00
id#286,366.8100,816.65,530.82,378.9063,843.58,4379.85,-0.807396,-80.74,1.112437,No,0.00,0.00
id#287,366.8100,928.47,603.51,378.9063,959.09,5078.22,-0.811136,-81.11,1.112437,No,0.00,0.00
id#288,366.8100,1222.81,794.83,378.9063,1263.14,5618.81,-0.775195,-77.52,1.112437,No,0.00,0.00
id#289,366.8100,1191.05,774.18,378.9063,1230.33,3826.72,-0.678490,-67.85,1.112437,No,0.00,0.00
id#290,366.8100,962.08,625.35,378.9063,993.81,6123.72,-0.837712,-83.77,1.112437,No,0.00,0.00
id#291,366.8100,1328.62,863.61,378.9063,1372.44,5532.51,-0.751932,-75.19,1.112437,No,0.00,0.00
id#292,366.8100,1155.17,750.86,378.9063,1193.26,6129.62,-0.805329,-80.53,1.112437,No,0.00,0.00
id#293,366.8100,733.72,476.92,378.9063,757.91,5336.93,-0.857987,-85.80,1.112437,No,0.00,0.00
id#294,366.8100,590.83,384.04,378.9063,610.32,4434.43,-0.862369,-86.24,1.112437,No,0.00,0.00
id#295,366.8100,1278.27,830.88,378.9063,1320.43,2786.32,-0.526105,-52.61,1.112437,No,0.00,0.00
id#296,366.8100,1855.37,1205.99,378.9063,1916.56,3720.12,-0.484814,-48.48,1.112437,No,0.00,0.00
id#297,366.8100,1012.29,657.99,378.9063,1045.68,5027.01,-0.791988,-79.20,1.112437,No,0.00,0.00
id#298,366.8100,1834.58,1192.48,378.9063,1895.08,3302.07,-0.426093,-42.61,1.112437,No,0.00,0.00
id#299,366.8100,946.15,615.00,378.9063,977.35,6955.70,-0.859489,-85.95,1.112437,No,0.00,0.00
id#300,366.8100,1204.99,783.24,378.9063,1244.72,4838.36,-0.742738,-74.27,1.112437,No,0.00,0.00
id#301,366.8100,1716.10,1115.46,378.9063,1772.69,3782.23,-0.531311,-53.13,1.112437,No,0.00,0.00
id#302,366.8100,767.57,498.92,378.9063,792.89,5531.89,-0.856670,-85.67,1.112437,No,0.00,0.00
id#303,366.8100,1481.60,963.04,378.9063,1530.46,5514.51,-0.722467,-72.25,1.112437,No,0.00,0.00
id#304,366.8100,901.43,585.93,378.9063,931.16,5436.37,-0.828717,-82.87,1.112437,No,0.00,0.00
id#305,366.8100,1253.47,814.76,378.9063,1294.81,3045.77,-0.574884,-57.49,1.112437,No,0.00,0.00
id#306,366.8100,1653.39,1074.70,378.9063,1707.91,3728.05,-0.541876,-54.19,1.112437,No,0.00,0.00
id#307,366.8100,848.71,551.66,378.9063,876.70,4168.95,-0.789708,-78.97,1.112437,No,0.00,0.00
id#308,366.8100,1404.66,913.03,378.9063,1450.98,3174.22,-0.542885,-54.29,1.112437,No,0.00,0.00
id#309,366.8100,1527.26,992.72,378.9063,1577.62,3903.09,-0.595802,-59.58,1.112437,No,0.00,0.00
id#310,366.8100,1041.76,677.14,378.9063,1076.11,4365.26,-0.753483,-75.35,1.112437,No,0.00,0.00
id#311,366.8100,1830.16,1189.60,378.9063,1890.51,4307.69,-0.561131,-56.11,1.112437,No,0.00,0.00
id#312,366.8100,1151.63,748.56,378.9063,1189.61,3975.96,-0.700800,-70.08,1.112437,No,0.00,0.00
id#313,366.8100,723.06,469.99,378.9063,746.90,3901.03,-0.808538,-80.85,1.112437,No,0.00,0.00
id#314,366.8100,1471.74,956.63,378.9063,1520.28,2982.68,-0.490298,-49.03,1.112437,No,0.00,0.00
id#315,366.8100,1418.90,922.29,378.9063,1465.69,5058.15,-0.710231,-71.02,1.112437,No,0.00,0.00
id#316,366.8100,884.59,574.99,378.9063,913.76,3680.68,-0.751740,-75.17,1.112437,No,0.00,0.00
id#317,366.8100,1335.87,868.31,378.9063,1379.92,3135.37,-0.559886,-55.99,1.112437,No,0.00,0.00
id#318,366.8100,706.03,458.92,378.9063,729.31,5507.28,-0.867574,-86.76,1.112437,No,0.00,0.00
id#319,366.8100,1124.00,730.60,378.9063,1161.07,4283.69,-0.728956,-72.90,1.112437,No,0.00,0.00
id#320,366.8100,1053.70,684.90,378.9063,1088.45,5007.81,-0.782650,-78.27,1.112437,No,0.00,0.00
id#321,366.8100,1107.84,720.09,378.9063,1144.37,2902.28,-0.605701,-60.57,1.112437,No,0.00,0.00
id#322,366.8100,1724.67,1121.04,378.9063,1781.55,3371.49,-0.471584,-47.16,1.112437,No,0.00,0.00
id#323,366.8100,848.21,551.34,378.9063,876.18,4104.56,-0.786535,-78.65,1.112437,No,0.00,0.00
id#324,366.8100,895.78,582.26,378.9063,925.32,5215.48,-0.822581,-82.26,1.112437,No,0.00,0.00
id#325,366.8100,1125.21,731.39,378.9063,1162.32,4263.36,-0.727370,-72.74,1.112437,No,0.00,0.00
id#326,366.8100,1127.28,732.73,378.9063,1164.45,3784.98,-0.692349,-69.23,1.112437,No,0.00,0.00
id#327,366.8100,763.90,496.54,378.9063,789.09,5542.27,-0.857623,-85.76,1.112437,No,0.00,0.00
id#328,366.8100,1274.11,828.17,378.9063,1316.13,3346.62,-0.606730,-60.67,1.112437,No,0.00,0.00
id#329,366.8100,1542.94,1002.91,378.9063,1593.82,3325.06,-0.520663,-52.07,1.112437,No,0.00,0.00
id#330,366.8100,1931.56,1255.51,378.9063,1995.26,4121.26,-0.515862,-51.59,1.112437,No,0.00,0.00
id#331,366.8100,810.14,526.59,378.9063,836.85,3615.08,-0.768511,-76.85,1.112437,No,0.00,0.00
id#332,366.8100,1454.37,945.34,378.9063,1502.33,4905.57,-0.693750,-69.37,1.112437,No,0.00,0.00
id#333,366.8100,1259.69,818.80,378.9063,1301.23,3937.84,-0.669557,-66.96,1.112437,No,0.00,0.00
id#334,366.8100,1451.94,943.76,378.9063,1499.82,3333.80,-0.550117,-55.01,1.112437,No,0.00,0.00
id#335,366.8100,1102.17,716.41,378.9063,1138.52,6541.55,-0.825955,-82.60,1.112437,No,0.00,0.00
id#336,366.8100,1772.50,1152.13,378.9063,1830.95,3891.89,-0.529547,-52.95,1.112437,No,0.00,0.00
id#337,366.8100,1239.56,805.71,378.9063,1280.44,4369.23,-0.706943,-70.69,1.112437,No,0.00,0.00
id#338,366.8100,1273.65,827.87,378.9063,1315.65,5971.35,-0.779673,-77.97,1.112437,No,0.00,0.00
id#339,366.8100,1552.79,1009.31,378.9063,1603.99,4172.78,-0.615606,-61.56,1.112437,No,0.00,0.00
id#340,366.8100,1028.04,668.23,378.9063,1061.95,4549.37,-0.766573,-76.66,1.112437,No,0.00,0.00
id#341,366.8100,1689.56,1098.21,378.9063,1745.27,3472.13,-0.497349,-49.73,1.112437,No,0.00,0.00
id#342,366.8100,1183.50,769.27,378.9063,1222.52,4170.38,-0.706856,-70.69,1.112437,No,0.00,0.00
id#343,366.8100,564.65,367.02,378.9063,583.27,4339.81,-0.865599,-86.56,1.112437,No,0.00,0.00
id#344,366.8100,1194.31,776.30,378.9063,1233.69,5205.26,-0.762991,-76.30,1.112437,No,0.00,0.00
id#345,366.8100,802.72,521.77,378.9063,829.19,4063.85,-0.795959,-79.60,1.112437,No,0.00,0.00
id#346,366.8100,1385.28,900.43,378.9063,1430.96,3893.12,-0.632438,-63.24,1.112437,No,0.00,0.00
id#347,366.8100,1390.18,903.61,378.9063,1436.02,4500.21,-0.680899,-68.09,1.112437,No,0.00,0.00
id#348,366.8100,924.53,600.94,378.9063,955.01,4299.15,-0.777860,-77.79,1.112437,No,0.00,0.00
id#349,366.8100,785.14,510.34,378.9063,811.03,6328.81,-0.871851,-87.19,1.112437,No,0.00,0.00
id#350,366.8100,864.44,561.89,378.9063,892.95,5089.50,-0.824551,-82.46,1.112437,No,0.00,0.00
id#351,366.8100,1009.02,655.86,378.9063,1042.29,3294.97,-0.683672,-68.37,1.112437,No,0.00,0.00
id#352,366.8100,1474.84,958.64,378.9063,1523.47,3276.92,-0.535090,-53.51,1.112437,No,0.00,0.00
id#353,366.8100,1245.53,809.60,378.9063,1286.61,4473.81,-0.712414,-71.24,1.112437,No,0.00,0.00
id#354,366.8100,527.72,343.02,378.9063,545.13,4486.92,-0.878507,-87.85,1.112437,No,0.00,0.00
id#355,366.8100,1106.12,718.97,378.9063,1142.59,3758.19,-0.695973,-69.60,1.112437,No,0.00,0.00
id#356,366.8100,976.12,634.48,378.9063,1008.31,3464.65,-0.708972,-70.90,1.112437,No,0.00,0.00
id#357,366.8100,1232.04,800.83,378.9063,1272.67,4537.52,-0.719522,-71.95,1.112437,No,0.00,0.00
id#358,366.8100,1019.30,662.55,378.9063,1052.92,3557.48,-0.704027,-70.40,1.112437,No,0.00,0.00
id#359,366.8100,1768.24,1149.36,378.9063,1826.55,3657.18,-0.500556,-50.06,1.112437,No,0.00,0.00
id#360,366.8100,1015.07,659.80,378.9063,1048.54,5344.62,-0.803813,-80.38,1.112437,No,0.00,0.00
id#361,366.8100,727.30,472.74,378.9063,751.28,5551.48,-0.864670,-86.47,1.112437,No,0.00,0.00
id#362,366.8100,1230.95,800.12,378.9063,1271.55,6034.92,-0.789302,-78.93,1.112437,No,0.00,0.00
id#363,366.8100,885.76,575.74,378.9063,914.97,4267.27,-0.785584,-78.56,1.112437,No,0.00,0.00
id#364,366.8100,1262.96,820.92,378.9063,1304.60,2792.17,-0.532763,-53.28,1.112437,No,0.00,0.00
id#365,366.8100,1288.83,837.74,378.9063,1331.33,5867.28,-0.773092,-77.31,1.112437,No,0.00,0.00
id#366,366.8100,1524.85,991.16,378.9063,1575.14,3137.14,-0.497907,-49.79,1.112437,No,0.00,0.00
id#367,366.8100,1463.36,951.19,378.9063,1511.62,4359.05,-0.653222,-65.32,1.112437,No,0.00,0.00
id#368,366.8100,1264.31,821.80,378.9063,1306.00,5757.00,-0.773145,-77.31,1.112437,No,0.00,0.00
id#369,366.8100,1694.05,1101.13,378.9063,1749.91,3316.33,-0.472335,-47.23,1.112437,No,0.00,0.00
id#370,366.8100,1164.03,756.62,378.9063,1202.41,3506.99,-0.657139,-65.71,1.112437,No,0.00,0.00
id#371,366.8100,1208.17,785.31,378.9063,1248.01,5603.78,-0.777290,-77.73,1.112437,No,0.00,0.00
id#372,366.8100,1094.96,711.72,378.9063,1131.07,6127.61,-0.815415,-81.54,1.112437,No,0.00,0.00
id#373,366.8100,1331.90,865.74,378.9063,1375.82,4336.94,-0.682766,-68.28,1.112437,No,0.00,0.00
id#374,366.8100,882.18,573.42,378.9063,911.27,5590.27,-0.836990,-83.70,1.112437,No,0.00,0.00
id#375,366.8100,1812.91,1178.39,378.9063,1872.70,4156.40,-0.549443,-54.94,1.112437,No,0.00,0.00
id#376,366.8100,861.03,559.67,378.9063,889.43,3491.10,-0.745230,-74.52,1.112437,No,0.00,0.00
id#377,366.8100,862.04,560.32,378.9063,890.46,5930.38,-0.849847,-84.98,1.112437,No,0.00,0.00
id#378,366.8100,1808.62,1175.60,378.9063,1868.26,4091.71,-0.543403,-54.34,1.112437,No,0.00,0.00
id#379,366.8100,1297.31,843.25,378.9063,1340.10,3951.53,-0.660867,-66.09,1.112437,No,0.00,0.00
id#380,366.8100,888.43,577.48,378.9063,917.73,4704.82,-0.804940,-80.49,1.112437,No,0.00,0.00
id#381,366.8100,1356.90,881.98,378.9063,1401.65,5713.61,-0.754683,-75.47,1.112437,No,0.00,0.00
id#382,366.8100,789.28,513.03,378.9063,815.31,4852.86,-0.831994,-83.20,1.112437,No,0.00,0.00
id#383,366.8100,1050.63,682.91,378.9063,1085.28,2951.76,-0.632329,-63.23,1.112437,No,0.00,0.00
id#384,366.8100,763.80,496.47,378.9063,788.99,5674.12,-0.860950,-86.09,1.112437,No,0.00,0.00
id#385,366.8100,1135.76,738.24,378.9063,1173.21,3255.13,-0.639580,-63.96,1.112437,No,0.00,0.00
id#386,366.8100,1666.46,1083.20,378.9063,1721.42,4394.48,-0.608277,-60.83,1.112437,No,0.00,0.00
id#387,366.8100,1890.93,1229.10,378.9063,1953.29,3950.42,-0.505550,-50.56,1.112437,No,0.00,0.00
id#388,366.8100,984.33,639.82,378.9063,1016.80,5127.65,-0.801703,-80.17,1.112437,No,0.00,0.00
id#389,366.8100,1118.28,726.88,378.9063,1155.16,5209.13,-0.778243,-77.82,1.112437,No,0.00,0.00
id#390,366.8100,1780.23,1157.15,378.9063,1838.93,3296.41,-0.442140,-44.21,1.112437,No,0.00,0.00
id#391,366.8100,867.84,564.10,378.9063,896.46,5452.46,-0.835586,-83.56,1.112437,No,0.00,0.00
id#392,366.8100,1685.26,1095.42,378.9063,1740.84,4708.53,-0.630280,-63.03,1.112437,No,0.00,0.00
id#393,366.8100,1544.75,1004.09,378.9063,1595.70,3394.67,-0.529940,-52.99,1.112437,No,0.00,0.00
id#394,366.8100,1084.88,705.17,378.9063,1120.65,3162.10,-0.645598,-64.56,1.112437,No,0.00,0.00
id#395,366.8100,1056.68,686.84,378.9063,1091.53,5077.30,-0.785018,-78.50,1.112437,No,0.00,0.00
id#396,366.8100,881.54,573.00,378.9063,910.61,6273.03,-0.854838,-85.48,1.112437,No,0.00,0.00
id#397,366.8100,771.57,501.52,378.9063,797.02,4663.26,-0.829085,-82.91,1.112437,No,0.00,0.00
id#398,366.8100,1117.56,726.41,378.9063,1154.42,5255.89,-0.780358,-78.04,1.112437,No,0.00,0.00
id#399,366.8100,1446.33,940.11,378.9063,1494.03,3746.75,-0.601248,-60.12,1.112437,No,0.00,0.00
id#400,366.8100,1336.61,868.80,378.9063,1380.69,3249.71,-0.575135,-57.51,1.112437,No,0.00,0.00
id#401,366.8100,1051.54,683.50,378.9063,1086.22,3649.65,-0.702378,-70.24,1.112437,No,0.00,0.00
id#402,366.8100,974.20,633.23,378.9063,1006.33,4666.91,-0.784369,-78.44,1.112437,No,0.00,0.00
id#403,366.8100,1478.32,960.91,378.9063,1527.07,4753.92,-0.678777,-67.88,1.112437,No,0.00,0.00
id#404,366.8100,1135.65,738.17,378.9063,1173.10,4727.25,-0.751842,-75.18,1.112437,No,0.00,0.00
id#405,366.8100,623.80,405.47,378.9063,644.37,4964.17,-0.870196,-87.02,1.112437,No,0.00,0.00
id#406,366.8100,1306.87,849.47,378.9063,1349.97,4545.07,-0.702982,-70.30,1.112437,No,0.00,0.00
id#407,366.8100,1345.95,874.86,378.9063,1390.33,3220.24,-0.568252,-56.83,1.112437,No,0.00,0.00
id#408,366.8100,981.74,638.13,378.9063,1014.11,6959.56,-0.854285,-85.43,1.112437,No,0.00,0.00
id#409,366.8100,799.91,519.94,378.9063,826.29,4018.91,-0.794400,-79.44,1.112437,No,0.00,0.00
id#410,366.8100,1205.21,783.38,378.9063,1244.95,4657.60,-0.732705,-73.27,1.112437,No,0.00,0.00
id#411,366.8100,1132.02,735.81,378.9063,1169.35,3322.98,-0.648101,-64.81,1.112437,No,0.00,0.00
id#412,366.8100,1005.91,653.84,378.9063,1039.08,4070.20,-0.744710,-74.47,1.112437,No,0.00,0.00
id#413,366.8100,817.96,531.67,378.9063,844.93,5804.37,-0.854432,-85.44,1.112437,No,0.00,0.00
id#414,366.8100,1643.00,1067.95,378.9063,1697.18,3939.59,-0.569198,-56.92,1.112437,No,0.00,0.00
id#415,366.8100,976.57,634.77,378.9063,1008.78,3600.74,-0.719842,-71.98,1.112437,No,0.00,0.00
id#416,366.8100,1580.03,1027.02,378.9063,1632.13,3548.27,-0.540021,-54.00,1.112437,No,0.00,0.00
id#417,366.8100,1835.10,1192.81,378.9063,1895.62,3868.07,-0.509933,-50.99,1.112437,No,0.00,0.00
id#418,366.8100,1138.10,739.76,378.9063,1175.63,4434.64,-0.734899,-73.49,1.112437,No,0.00,0.00
id#419,366.8100,786.33,511.11,378.9063,812.26,6064.30,-0.866059,-86.61,1.112437,No,0.00,0.00
id#420,366.8100,1464.08,951.65,378.9063,1512.36,4338.32,-0.651396,-65.14,1.112437,No,0.00,0.00
id#421,366.8100,1253.06,814.49,378.9063,1294.38,5967.46,-0.783094,-78.31,1.112437,No,0.00,0.00
id#422,366.8100,1426.55,927.26,378.9063,1473.60,5044.24,-0.707865,-70.79,1.112437,No,0.00,0.00
id#423,366.8100,869.64,565.27,378.9063,898.32,3529.14,-0.745457,-74.55,1.112437,No,0.00,0.00
id#424,366.8100,1202.14,781.39,378.9063,1241.78,3009.89,-0.587433,-58.74,1.112437,No,0.00,0.00
id#425,366.8100,1442.10,937.37,378.9063,1489.66,3906.67,-0.618688,-61.87,1.112437,No,0.00,0.00
id#426,366.8100,1062.81,690.82,378.9063,1097.85,3108.05,-0.646771,-64.68,1.112437,No,0.00,0.00
id#427,366.8100,745.58,484.63,378.9063,770.17,5405.83,-0.857530,-85.75,1.112437,No,0.00,0.00
id#428,366.8100,979.88,636.92,378.9063,1012.19,6844.61,-0.852118,-85.21,1.112437,No,0.00,0.00
id#429,366.8100,793.59,515.83,378.9063,819.76,4978.84,-0.835352,-83.54,1.112437,No,0.00,0.00
id#430,366.8100,1684.19,1094.73,378.9063,1739.73,3460.21,-0.497217,-49.72,1.112437,No,0.00,0.00
id#431,366.8100,725.61,471.65,378.9063,749.54,4947.46,-0.848500,-84.85,1.112437,No,0.00,0.00
id#432,366.8100,998.37,648.94,378.9063,1031.30,3110.86,-0.668485,-66.85,1.112437,No,0.00,0.00
id#433,366.8100,1773.37,1152.69,378.9063,1831.85,3381.33,-0.458244,-45.82,1.112437,No,0.00,0.00
id#434,366.8100,1887.12,1226.63,378.9063,1949.35,3661.28,-0.467576,-46.76,1.112437,No,0.00,0.00
id#435,366.8100,1243.10,808.02,378.9063,1284.10,4913.02,-0.738634,-73.86,1.112437,No,0.00,0.00
id#436,366.8100,1741.59,1132.04,378.9063,1799.03,4622.56,-0.610816,-61.08,1.112437,No,0.00,0.00
id#437,366.8100,1140.94,741.61,378.9063,1178.56,4575.56,-0.742422,-74.24,1.112437,No,0.00,0.00
id#438,366.8100,976.75,634.89,378.9063,1008.96,3804.02,-0.734765,-73.48,1.112437,No,0.00,0.00
id#439,366.8100,1633.51,1061.78,378.9063,1687.37,3886.16,-0.565799,-56.58,1.112437,No,0.00,0.00
id#440,366.8100,1446.70,940.36,378.9063,1494.41,5335.38,-0.719906,-71.99,1.112437,No,0.00,0.00
id#441,366.8100,1390.04,903.52,378.9063,1435.88,5655.53,-0.746111,-74.61,1.112437,No,0.00,0.00
id#442,366.8100,850.53,552.84,378.9063,878.58,4142.47,-0.787910,-78.79,1.112437,No,0.00,0.00
id#443,366.8100,1325.47,861.55,378.9063,1369.18,2746.23,-0.501434,-50.14,1.112437,No,0.00,0.00
id#444,366.8100,1016.13,660.49,378.9063,1049.64,3818.46,-0.725113,-72.51,1.112437,No,0.00,0.00
id#445,366.8100,1288.85,837.75,378.9063,1331.36,4484.47,-0.703119,-70.31,1.112437,No,0.00,0.00
id#446,366.8100,790.21,513.64,378.9063,816.27,3613.72,-0.774120,-77.41,1.112437,No,0.00,0.00
id#447,366.8100,1816.30,1180.60,378.9063,1876.20,4309.52,-0.564638,-56.46,1.112437,No,0.00,0.00
id#448,366.8100,1384.03,899.62,378.9063,1429.67,5710.67,-0.749650,-74.96,1.112437,No,0.00,0.00
id#449,366.8100,1251.33,813.36,378.9063,1292.59,2755.22,-0.530856,-53.09,1.112437,No,0.00,0.00
id#450,366.8100,1529.65,994.27,378.9063,1580.10,4526.36,-0.650912,-65.09,1.112437,No,0.00,0.00
id#451,366.8100,1278.34,830.92,378.9063,1320.50,2805.57,-0.529328,-52.93,1.112437,No,0.00,0.00
id#452,366.8100,902.70,586.76,378.9063,932.47,4960.76,-0.812031,-81.20,1.112437,No,0.00,0.00
id#453,366.8100,913.58,593.83,378.9063,943.71,4290.65,-0.780054,-78.01,1.112437,No,0.00,0.00
id#454,366.8100,784.44,509.88,378.9063,810.30,3715.89,-0.781935,-78.19,1.112437,No,0.00,0.00
id#455,366.8100,1197.07,778.10,378.9063,1236.55,3363.26,-0.632336,-63.23,1.112437,No,0.00,0.00
id#456,366.8100,1379.21,896.48,378.9063,1424.69,5417.62,-0.737027,-73.70,1.112437,No,0.00,0.00
id#457,366.8100,1231.17,800.26,378.9063,1271.77,3940.45,-0.677253,-67.73,1.112437,No,0.00,0.00
id#458,366.8100,1071.65,696.57,378.9063,1106.99,3092.87,-0.642083,-64.21,1.112437,No,0.00,0.00
id#459,366.8100,1388.24,902.36,378.9063,1434.02,4484.52,-0.680229,-68.02,1.112437,No,0.00,0.00
id#460,366.8100,1332.46,866.10,378.9063,1376.40,2610.31,-0.472707,-47.27,1.112437,No,0.00,0.00
id#461,366.8100,1083.75,704.44,378.9063,1119.49,4068.47,-0.724837,-72.48,1.112437,No,0.00,0.00
id#462,366.8100,861.56,560.02,378.9063,889.97,6816.42,-0.869437,-86.94,1.112437,No,0.00,0.00
id#463,366.8100,1831.71,1190.61,378.9063,1892.12,4198.88,-0.549376,-54.94,1.112437,No,0.00,0.00
id#464,366.8100,953.83,619.99,378.9063,985.29,3334.78,-0.704543,-70.45,1.112437,No,0.00,0.00
id#465,366.8100,1339.69,870.80,378.9063,1383.87,2716.32,-0.490535,-49.05,1.112437,No,0.00,0.00
id#466,366.8100,1361.01,884.66,378.9063,1405.89,2968.24,-0.526356,-52.64,1.112437,No,0.00,0.00
id#467,366.8100,1136.86,738.96,378.9063,1174.35,4851.37,-0.757934,-75.79,1.112437,No,0.00,0.00
id#468,366.8100,1100.90,715.58,378.9063,1137.20,4120.58,-0.724018,-72.40,1.112437,No,0.00,0.00
id#469,366.8100,1263.60,821.34,378.9063,1305.27,4028.73,-0.676009,-67.60,1.112437,No,0.00,0.00
id#470,366.8100,1101.05,715.68,378.9063,1137.36,6138.61,-0.814720,-81.47,1.112437,No,0.00,0.00
id#471,366.8100,1318.06,856.74,378.9063,1361.53,2861.60,-0.524208,-52.42,1.112437,No,0.00,0.00
id#472,366.8100,1482.30,963.50,378.9063,1531.18,3504.56,-0.563088,-56.31,1.112437,No,0.00,0.00
id#473,366.8100,737.64,479.46,378.9063,761.96,5553.41,-0.862794,-86.28,1.112437,No,0.00,0.00
id#474,366.8100,597.26,388.22,378.9063,616.96,4494.62,-0.862734,-86.27,1.112437,No,0.00,0.00
id#475,366.8100,1025.41,666.51,378.9063,1059.22,6467.36,-0.836221,-83.62,1.112437,No,0.00,0.00
id#476,366.8100,1850.47,1202.81,378.9063,1911.50,3524.70,-0.457686,-45.77,1.112437,No,0.00,0.00
id#477,366.8100,1891.48,1229.46,378.9063,1953.86,3681.06,-0.469213,-46.92,1.112437,No,0.00,0.00
id#478,366.8100,1464.77,952.10,378.9063,1513.07,5459.55,-0.722858,-72.29,1.112437,No,0.00,0.00
id#479,366.8100,1241.19,806.78,378.9063,1282.13,4008.05,-0.680112,-68.01,1.112437,No,0.00,0.00
id#480,366.8100,956.59,621.79,378.9063,988.14,4135.05,-0.761033,-76.10,1.112437,No,0.00,0.00
id#481,366.8100,768.35,499.43,378.9063,793.69,6111.46,-0.870132,-87.01,1.112437,No,0.00,0.00
id#482,366.8100,991.00,644.15,378.9063,1023.68,6812.75,-0.849740,-84.97,1.112437,No,0.00,0.00
id#483,366.8100,1460.30,949.20,378.9063,1508.46,2915.22,-0.482556,-48.26,1.112437,No,0.00,0.00
id#484,366.8100,1264.01,821.61,378.9063,1305.69,2676.03,-0.512079,-51.21,1.112437,No,0.00,0.00
id#485,366.8100,1258.99,818.34,378.9063,1300.50,5920.55,-0.780341,-78.03,1.112437,No,0.00,0.00
id#486,366.8100,584.85,380.16,378.9063,604.14,4448.10,-0.864180,-86.42,1.112437,No,0.00,0.00
id#487,366.8100,896.69,582.85,378.9063,926.26,4719.83,-0.803751,-80.38,1.112437,No,0.00,0.00
id#488,366.8100,671.72,436.62,378.9063,693.87,5572.39,-0.875481,-87.55,1.112437,No,0.00,0.00
id#489,366.8100,998.83,649.24,378.9063,1031.77,6364.51,-0.837887,-83.79,1.112437,No,0.00,0.00
id#490,366.8100,1590.63,1033.91,378.9063,1643.09,2948.13,-0.442668,-44.27,1.112437,No,0.00,0.00
id#491,366.8100,1204.35,782.83,378.9063,1244.06,4687.93,-0.734624,-73.46,1.112437,No,0.00,0.00
id#492,366.8100,1777.52,1155.39,378.9063,1836.13,3335.84,-0.449573,-44.96,1.112437,No,0.00,0.00
id#493,366.8100,1213.63,788.86,378.9063,1253.65,2678.11,-0.531889,-53.19,1.112437,No,0.00,0.00
id#494,366.8100,1207.11,784.62,378.9063,1246.91,5227.51,-0.761471,-76.15,1.112437,No,0.00,0.00
id#495,366.8100,1631.90,1060.74,378.9063,1685.72,3580.56,-0.529203,-52.92,1.112437,No,0.00,0.00
id#496,366.8100,1707.41,1109.82,378.9063,1763.72,4331.42,-0.592808,-59.28,1.112437,No,0.00,0.00
id#497,366.8100,1222.97,794.93,378.9063,1263.30,4790.06,-0.736265,-73.63,1.112437,No,0.00,0.00
id#498,366.8100,1472.20,956.93,378.9063,1520.75,3482.44,-0.563310,-56.33,1.112437,No,0.00,0.00
id#499,366.8100,1692.84,1100.35,378.9063,1748.67,3543.35,-0.506493,-50.65,1.112437,No,0.00,0.00
