position_id,seed_price,position_value_at_seed,loan_amount,close_price,position_value_at_close,hold_value,impermanent_loss,impermanent_loss_pct,health_factor,should_liquidate,repay_amount,collateral_to_take
id#0,1161.9086,3374.81,2193.63,1058.0961,3073.28,4974.58,-0.382202,-38.22,0.980704,Yes,1096.81,1206.50
id#1,1161.9086,5511.47,3582.46,1058.0961,5019.04,5921.71,-0.152434,-15.24,0.980704,Yes,1791.23,1970.35
id#2,1161.9086,3902.56,2536.67,1058.0961,3553.88,6152.58,-0.422375,-42.24,0.980704,Yes,1268.33,1395.17
id#3,1161.9086,3553.94,2310.06,1058.0961,3262.33,3507.07,-0.069785,-6.98,0.988557,Yes,1155.03,1270.53
id#4,1161.9086,4368.38,2839.45,1058.0961,3978.08,6849.14,-0.419185,-41.92,0.980704,Yes,1419.72,1561.70
id#5,1161.9086,4011.17,2607.26,1058.0961,3652.92,4450.94,-0.179292,-17.93,0.980740,Yes,1303.63,1433.99
id#6,1161.9086,2582.06,1678.34,1058.0961,2351.36,4502.62,-0.477780,-47.78,0.980704,Yes,839.17,923.09
id#7,1161.9086,3516.53,2285.74,1058.0961,3202.34,4081.68,-0.215437,-21.54,0.980704,Yes,1142.87,1257.16
id#8,1161.9086,2137.27,1389.23,1058.0961,1946.32,5469.32,-0.644139,-64.41,0.980704,Yes,694.61,764.08
id#9,1161.9086,3461.84,2250.20,1058.0961,3280.34,3370.98,-0.026889,-2.69,1.020459,No,0.00,0.00
id#10,1161.9086,3745.54,2434.60,1058.0961,3410.89,4825.47,-0.293150,-29.31,0.980704,Yes,1217.30,1339.03
id#11,1161.9086,3915.22,2544.89,1058.0961,3641.15,4420.00,-0.176210,-17.62,1.001538,No,0.00,0.00
id#12,1161.9086,2601.22,1690.79,1058.0961,2368.81,5992.42,-0.604699,-60.47,0.980704,Yes,845.40,929.93
id#13,1161.9086,5082.43,3303.58,1058.0961,4628.33,5955.72,-0.222876,-22.29,0.980704,Yes,1651.79,1816.97
id#14,1161.9086,2645.91,1719.84,1058.0961,2409.51,4529.89,-0.468087,-46.81,0.980704,Yes,859.92,945.91
id#15,1161.9086,3553.34,2309.67,1058.0961,3371.14,3477.93,-0.030703,-3.07,1.021705,No,0.00,0.00
id#16,1161.9086,2913.61,1893.85,1058.0961,2653.29,4014.02,-0.338994,-33.90,0.980704,Yes,946.92,1041.62
id#17,1161.9086,4666.40,3033.16,1058.0961,4249.47,6272.21,-0.322492,-32.25,0.980704,Yes,1516.58,1668.24
id#18,1161.9086,3834.60,2492.49,1058.0961,3491.99,4441.38,-0.213758,-21.38,0.980704,Yes,1246.25,1370.87
id#19,1161.9086,5837.81,3794.57,1058.0961,5498.19,5602.75,-0.018661,-1.87,1.014273,No,0.00,0.00
id#20,1161.9086,2538.31,1649.90,1058.0961,2311.52,5454.01,-0.576180,-57.62,0.980704,Yes,824.95,907.44
id#21,1161.9086,3807.13,2474.64,1058.0961,3625.68,3761.39,-0.036080,-3.61,1.025595,No,0.00,0.00
id#22,1161.9086,2587.46,1681.85,1058.0961,2356.28,5252.79,-0.551423,-55.14,0.980704,Yes,840.92,925.02
id#23,1161.9086,3478.41,2260.97,1058.0961,3335.73,3358.42,-0.006758,-0.68,1.032749,No,0.00,0.00
id#24,1161.9086,4471.14,2906.24,1058.0961,4207.52,4665.05,-0.098077,-9.81,1.013426,No,0.00,0.00
id#25,1161.9086,2537.72,1649.52,1058.0961,2310.98,6615.78,-0.650686,-65.07,0.980704,Yes,824.76,907.24
id#26,1161.9086,3279.70,2131.80,1058.0961,2986.67,4679.34,-0.361732,-36.17,0.980704,Yes,1065.90,1172.49
id#27,1161.9086,4031.20,2620.28,1058.0961,3671.02,6854.58,-0.464443,-46.44,0.980704,Yes,1310.14,1441.15
id#28,1161.9086,5150.48,3347.81,1058.0961,4690.30,5708.39,-0.178350,-17.83,0.980704,Yes,1673.91,1841.30
id#29,1161.9086,3768.73,2449.67,1058.0961,3533.66,3633.98,-0.027605,-2.76,1.009754,No,0.00,0.00
id#30,1161.9086,4015.76,2610.24,1058.0961,3656.96,6383.20,-0.427096,-42.71,0.980704,Yes,1305.12,1435.63
id#31,1161.9086,4971.34,3231.37,1058.0961,4527.16,5937.24,-0.237497,-23.75,0.980704,Yes,1615.68,1777.25
id#32,1161.9086,4519.72,2937.82,1058.0961,4222.95,4437.77,-0.048406,-4.84,1.006212,No,0.00,0.00
id#33,1161.9086,3539.48,2300.66,1058.0961,3353.47,3489.38,-0.038950,-3.90,1.020327,No,0.00,0.00
id#34,1161.9086,2153.92,1400.05,1058.0961,1961.48,5666.75,-0.653862,-65.39,0.980704,Yes,700.02,770.03
id#35,1161.9086,3517.16,2286.16,1058.0961,3206.40,4238.85,-0.243569,-24.36,0.981769,Yes,1143.08,1257.39
id#36,1161.9086,5104.78,3318.10,1058.0961,4842.39,5038.70,-0.038959,-3.90,1.021570,No,0.00,0.00
id#37,1161.9086,2022.55,1314.66,1058.0961,1841.85,4911.19,-0.624969,-62.50,0.980704,Yes,657.33,723.06
id#38,1161.9086,3852.18,2503.92,1058.0961,3508.00,4627.98,-0.242002,-24.20,0.980704,Yes,1251.96,1377.15
id#39,1161.9086,3571.30,2321.35,1058.0961,3252.22,5416.67,-0.399591,-39.96,0.980704,Yes,1160.67,1276.74
id#40,1161.9086,4637.46,3014.35,1058.0961,4223.12,5748.47,-0.265350,-26.53,0.980704,Yes,1507.17,1657.89
id#41,1161.9086,3144.21,2043.74,1058.0961,2992.24,3122.15,-0.041608,-4.16,1.024872,No,0.00,0.00
id#42,1161.9086,2554.91,1660.69,1058.0961,2326.64,5870.53,-0.603675,-60.37,0.980704,Yes,830.35,913.38
id#43,1161.9086,3657.09,2377.11,1058.0961,3488.02,3589.21,-0.028193,-2.82,1.027134,No,0.00,0.00
id#44,1161.9086,4629.16,3008.95,1058.0961,4250.96,5522.44,-0.230239,-23.02,0.988939,Yes,1504.48,1654.92
id#45,1161.9086,2128.91,1383.79,1058.0961,1938.70,5616.03,-0.654792,-65.48,0.980704,Yes,691.90,761.09
id#46,1161.9086,3149.16,2046.95,1058.0961,2869.19,3853.65,-0.255460,-25.55,0.981183,Yes,1023.48,1125.82
id#47,1161.9086,3332.43,2166.08,1058.0961,3034.69,6168.57,-0.508041,-50.80,0.980704,Yes,1083.04,1191.34
id#48,1161.9086,5044.46,3278.90,1058.0961,4791.82,4970.21,-0.035891,-3.59,1.022989,No,0.00,0.00
id#49,1161.9086,2110.33,1371.71,1058.0961,1921.77,4599.33,-0.582162,-58.22,0.980704,Yes,685.86,754.44
id#50,1161.9086,2469.35,1605.07,1058.0961,2248.72,6341.23,-0.645382,-64.54,0.980704,Yes,802.54,882.79
id#51,1161.9086,2820.49,1833.32,1058.0961,2568.49,5526.52,-0.535243,-53.52,0.980704,Yes,916.66,1008.33
id#52,1161.9086,3706.40,2409.16,1058.0961,3375.25,4954.50,-0.318751,-31.88,0.980704,Yes,1204.58,1325.04
id#53,1161.9086,3859.26,2508.52,1058.0961,3514.45,5661.86,-0.379277,-37.93,0.980704,Yes,1254.26,1379.69
id#54,1161.9086,3062.09,1990.36,1058.0961,2788.50,6565.34,-0.575269,-57.53,0.980704,Yes,995.18,1094.70
id#55,1161.9086,5051.96,3283.77,1058.0961,4601.29,5007.07,-0.081041,-8.10,0.980853,Yes,1641.89,1806.08
id#56,1161.9086,2095.83,1362.29,1058.0961,1908.57,4505.97,-0.576436,-57.64,0.980704,Yes,681.14,749.26
id#57,1161.9086,3990.74,2593.98,1058.0961,3634.18,5242.70,-0.306812,-30.68,0.980704,Yes,1296.99,1426.69
id#58,1161.9086,3441.11,2236.72,1058.0961,3133.66,5539.23,-0.434279,-43.43,0.980704,Yes,1118.36,1230.20
id#59,1161.9086,2926.22,1902.04,1058.0961,2664.77,4429.56,-0.398411,-39.84,0.980704,Yes,951.02,1046.12
id#60,1161.9086,4222.86,2744.86,1058.0961,3868.71,4370.46,-0.114805,-11.48,0.986607,Yes,1372.43,1509.67
id#61,1161.9086,2206.21,1434.04,1058.0961,2009.09,5600.60,-0.641272,-64.13,0.980704,Yes,717.02,788.72
id#62,1161.9086,3022.18,1964.42,1058.0961,2752.16,4977.10,-0.447036,-44.70,0.980704,Yes,982.21,1080.43
id#63,1161.9086,3543.56,2303.31,1058.0961,3260.89,3645.16,-0.105419,-10.54,0.991017,Yes,1151.66,1266.82
id#64,1161.9086,4649.34,3022.07,1058.0961,4270.62,5444.64,-0.215628,-21.56,0.989201,Yes,1511.04,1662.14
id#65,1161.9086,3702.24,2406.45,1058.0961,3525.60,3553.60,-0.007880,-0.79,1.025542,No,0.00,0.00
id#66,1161.9086,3529.74,2294.33,1058.0961,3292.97,3549.74,-0.072337,-7.23,1.004683,No,0.00,0.00
id#67,1161.9086,3493.13,2270.53,1058.0961,3181.03,4947.34,-0.357023,-35.70,0.980704,Yes,1135.27,1248.79
id#68,1161.9086,2942.69,1912.75,1058.0961,2679.77,7120.72,-0.623666,-62.37,0.980704,Yes,956.37,1052.01
id#69,1161.9086,5181.38,3367.90,1058.0961,4798.75,5372.00,-0.106710,-10.67,0.997396,Yes,1683.95,1852.34
id#70,1161.9086,4164.53,2706.94,1058.0961,3800.54,5346.61,-0.289168,-28.92,0.982798,Yes,1353.47,1488.82
id#71,1161.9086,4693.70,3050.91,1058.0961,4274.78,4813.04,-0.111834,-11.18,0.980806,Yes,1525.45,1678.00
id#72,1161.9086,4503.20,2927.08,1058.0961,4248.39,4414.23,-0.037571,-3.76,1.015986,No,0.00,0.00
id#73,1161.9086,1969.86,1280.41,1058.0961,1793.86,5377.44,-0.666411,-66.64,0.980704,Yes,640.20,704.22
id#74,1161.9086,3462.32,2250.51,1058.0961,3152.97,4249.33,-0.258007,-25.80,0.980704,Yes,1125.25,1237.78
id#75,1161.9086,4519.64,2937.77,1058.0961,4342.07,4354.12,-0.002767,-0.28,1.034612,No,0.00,0.00
id#76,1161.9086,5330.52,3464.84,1058.0961,4854.26,5594.05,-0.132246,-13.22,0.980704,Yes,1732.42,1905.66
id#77,1161.9086,1722.79,1119.81,1058.0961,1568.86,4964.28,-0.683970,-68.40,0.980704,Yes,559.91,615.90
id#78,1161.9086,3560.16,2314.10,1058.0961,3242.07,5580.08,-0.418992,-41.90,0.980704,Yes,1157.05,1272.76
id#79,1161.9086,3958.32,2572.91,1058.0961,3604.65,6648.00,-0.457784,-45.78,0.980704,Yes,1286.45,1415.10
id#80,1161.9086,3820.05,2483.03,1058.0961,3638.88,3758.05,-0.031711,-3.17,1.025849,No,0.00,0.00
id#81,1161.9086,3543.90,2303.54,1058.0961,3227.27,6320.27,-0.489379,-48.94,0.980704,Yes,1151.77,1266.95
id#82,1161.9086,2136.74,1388.88,1058.0961,1945.83,5044.13,-0.614239,-61.42,0.980704,Yes,694.44,763.88
id#83,1161.9086,3375.26,2193.92,1058.0961,3126.57,3564.82,-0.122936,-12.29,0.997578,Yes,1096.96,1206.65
id#84,1161.9086,3731.89,2425.73,1058.0961,3398.46,6765.07,-0.497647,-49.76,0.980704,Yes,1212.86,1334.15
id#85,1161.9086,3673.19,2387.57,1058.0961,3345.00,4018.68,-0.167636,-16.76,0.980704,Yes,1193.79,1313.17
id#86,1161.9086,2037.94,1324.66,1058.0961,1855.85,4496.18,-0.587238,-58.72,0.980704,Yes,662.33,728.56
id#87,1161.9086,3171.31,2061.35,1058.0961,2887.96,6262.77,-0.538868,-53.89,0.980704,Yes,1030.67,1133.74
id#88,1161.9086,3557.01,2312.05,1058.0961,3298.36,4140.97,-0.203481,-20.35,0.998617,Yes,1156.03,1271.63
id#89,1161.9086,4022.39,2614.55,1058.0961,3663.00,5753.55,-0.363349,-36.33,0.980704,Yes,1307.28,1438.00
id#90,1161.9086,2143.30,1393.14,1058.0961,1951.80,4633.85,-0.578795,-57.88,0.980704,Yes,696.57,766.23
id#91,1161.9086,3296.05,2142.43,1058.0961,3001.56,6977.24,-0.569808,-56.98,0.980704,Yes,1071.22,1178.34
id#92,1161.9086,3036.67,1973.84,1058.0961,2765.36,7691.84,-0.640482,-64.05,0.980704,Yes,986.92,1085.61
id#93,1161.9086,4522.93,2939.91,1058.0961,4166.70,4466.59,-0.067142,-6.71,0.992103,Yes,1469.95,1616.95
id#94,1161.9086,2659.79,1728.86,1058.0961,2422.15,6519.85,-0.628496,-62.85,0.980704,Yes,864.43,950.87
id#95,1161.9086,3602.35,2341.52,1058.0961,3280.49,4323.78,-0.241291,-24.13,0.980704,Yes,1170.76,1287.84
id#96,1161.9086,2981.61,1938.05,1058.0961,2715.21,4012.87,-0.323373,-32.34,0.980704,Yes,969.02,1065.93
id#97,1161.9086,5657.53,3677.39,1058.0961,5203.42,5480.89,-0.050624,-5.06,0.990483,Yes,1838.70,2022.57
id#98,1161.9086,5565.58,3617.63,1058.0961,5150.99,5510.05,-0.065164,-6.52,0.996701,Yes,1808.81,1989.70
id#99,1161.9086,2737.26,1779.22,1058.0961,2492.70,5851.26,-0.573990,-57.40,0.980704,Yes,889.61,978.57
id#100,1161.9086,3791.93,2464.75,1058.0961,3632.68,3665.64,-0.008990,-0.90,1.031696,No,0.00,0.00
id#101,1161.9086,2572.00,1671.80,1058.0961,2342.20,4450.79,-0.473756,-47.38,0.980704,Yes,835.90,919.49
id#102,1161.9086,3108.57,2020.57,1058.0961,2830.83,6154.70,-0.540054,-54.01,0.980704,Yes,1010.28,1111.31
id#103,1161.9086,4328.25,2813.36,1058.0961,4101.93,4298.83,-0.045801,-4.58,1.020612,No,0.00,0.00
id#104,1161.9086,3449.43,2242.13,1058.0961,3141.24,4996.14,-0.371266,-37.13,0.980704,Yes,1121.07,1233.17
id#105,1161.9086,3288.95,2137.82,1058.0961,2995.10,5007.35,-0.401860,-40.19,0.980704,Yes,1068.91,1175.80
id#106,1161.9086,4904.83,3188.14,1058.0961,4631.80,4779.21,-0.030844,-3.08,1.016975,No,0.00,0.00
id#107,1161.9086,2709.23,1761.00,1058.0961,2467.17,5127.50,-0.518836,-51.88,0.980704,Yes,880.50,968.55
id#108,1161.9086,3131.80,2035.67,1058.0961,2851.98,4319.42,-0.339730,-33.97,0.980704,Yes,1017.83,1119.62
id#109,1161.9086,3415.73,2220.23,1058.0961,3110.55,5406.62,-0.424678,-42.47,0.980704,Yes,1110.11,1221.12
id#110,1161.9086,2805.20,1823.38,1058.0961,2554.56,5676.91,-0.550009,-55.00,0.980704,Yes,911.69,1002.86
id#111,1161.9086,3555.51,2311.08,1058.0961,3375.74,3423.94,-0.014077,-1.41,1.022473,No,0.00,0.00
id#112,1161.9086,3022.83,1964.84,1058.0961,2752.75,4787.46,-0.425009,-42.50,0.980704,Yes,982.42,1080.66
id#113,1161.9086,3733.11,2426.52,1058.0961,3481.68,3993.40,-0.128141,-12.81,1.004391,No,0.00,0.00
id#114,1161.9086,1910.84,1242.04,1058.0961,1740.11,5399.41,-0.677723,-67.77,0.980704,Yes,621.02,683.12
id#115,1161.9086,2131.19,1385.27,1058.0961,1940.77,5719.11,-0.660651,-66.07,0.980704,Yes,692.64,761.90
id#116,1161.9086,3715.73,2415.23,1058.0961,3383.74,4370.02,-0.225691,-22.57,0.980704,Yes,1207.61,1328.37
id#117,1161.9086,3788.95,2462.82,1058.0961,3590.07,3639.41,-0.013558,-1.36,1.020396,No,0.00,0.00
id#118,1161.9086,4273.35,2777.68,1058.0961,4068.10,4138.86,-0.017098,-1.71,1.025197,No,0.00,0.00
id#119,1161.9086,2844.54,1848.95,1058.0961,2590.39,4360.23,-0.405905,-40.59,0.980704,Yes,924.48,1016.92
id#120,1161.9086,1685.90,1095.83,1058.0961,1535.27,4965.99,-0.690844,-69.08,0.980704,Yes,547.92,602.71
id#121,1161.9086,4268.32,2774.41,1058.0961,3895.56,4693.38,-0.169989,-17.00,0.982872,Yes,1387.21,1525.93
id#122,1161.9086,4351.33,2828.36,1058.0961,4167.68,4183.05,-0.003674,-0.37,1.031472,No,0.00,0.00
id#123,1161.9086,4713.77,3063.95,1058.0961,4363.86,5081.43,-0.141214,-14.12,0.996982,Yes,1531.98,1685.17
id#124,1161.9086,3199.34,2079.57,1058.0961,2913.49,6541.79,-0.554634,-55.46,0.980704,Yes,1039.79,1143.77
id#125,1161.9086,4080.90,2652.58,1058.0961,3822.10,4268.75,-0.104633,-10.46,1.008627,No,0.00,0.00
id#126,1161.9086,2816.71,1830.86,1058.0961,2565.05,6093.69,-0.579065,-57.91,0.980704,Yes,915.43,1006.97
id#127,1161.9086,2258.69,1468.15,1058.0961,2056.88,4369.01,-0.529211,-52.92,0.980704,Yes,734.07,807.48
id#128,1161.9086,2872.64,1867.21,1058.0961,2615.98,7043.81,-0.628613,-62.86,0.980704,Yes,933.61,1026.97
id#129,1161.9086,2774.57,1803.47,1058.0961,2526.67,6516.03,-0.612238,-61.22,0.980704,Yes,901.73,991.91
id#130,1161.9086,1847.09,1200.61,1058.0961,1682.06,4745.96,-0.645580,-64.56,0.980704,Yes,600.31,660.34
id#131,1161.9086,2721.39,1768.91,1058.0961,2478.25,5297.11,-0.532151,-53.22,0.980704,Yes,884.45,972.90
id#132,1161.9086,5057.30,3287.24,1058.0961,4628.02,5774.24,-0.198506,-19.85,0.985510,Yes,1643.62,1807.98
id#133,1161.9086,3833.68,2491.89,1058.0961,3608.70,3695.49,-0.023487,-2.35,1.013723,No,0.00,0.00
id#134,1161.9086,2558.71,1663.16,1058.0961,2330.10,5816.90,-0.599426,-59.94,0.980704,Yes,831.58,914.74
id#135,1161.9086,4900.09,3185.06,1058.0961,4462.29,5277.29,-0.154436,-15.44,0.980704,Yes,1592.53,1751.78
id#136,1161.9086,3877.78,2520.55,1058.0961,3531.31,6922.68,-0.489893,-48.99,0.980704,Yes,1260.28,1386.30
id#137,1161.9086,5183.79,3369.47,1058.0961,4905.19,5088.58,-0.036041,-3.60,1.019043,No,0.00,0.00
id#138,1161.9086,2917.33,1896.26,1058.0961,2656.67,4768.11,-0.442825,-44.28,0.980704,Yes,948.13,1042.94
id#139,1161.9086,5156.68,3351.84,1058.0961,4743.90,5406.11,-0.122493,-12.25,0.990718,Yes,1675.92,1843.51
id#140,1161.9086,4329.52,2814.19,1058.0961,4085.64,4325.78,-0.055513,-5.55,1.016260,No,0.00,0.00
id#141,1161.9086,1998.91,1299.29,1058.0961,1820.32,5548.26,-0.671912,-67.19,0.980704,Yes,649.65,714.61
id#142,1161.9086,2007.23,1304.70,1058.0961,1827.89,4872.77,-0.624877,-62.49,0.980704,Yes,652.35,717.58
id#143,1161.9086,5459.90,3548.93,1058.0961,5264.77,5267.12,-0.000446,-0.04,1.038435,No,0.00,0.00
id#144,1161.9086,3364.90,2187.18,1058.0961,3065.81,4080.11,-0.248598,-24.86,0.981200,Yes,1093.59,1202.95
id#145,1161.9086,1893.51,1230.78,1058.0961,1724.33,5162.82,-0.666010,-66.60,0.980704,Yes,615.39,676.93
id#146,1161.9086,3392.62,2205.20,1058.0961,3089.50,4386.99,-0.295758,-29.58,0.980704,Yes,1102.60,1212.86
id#147,1161.9086,2823.25,1835.11,1058.0961,2571.00,7854.07,-0.672653,-67.27,0.980704,Yes,917.56,1009.31
id#148,1161.9086,4275.70,2779.20,1058.0961,4032.82,4152.89,-0.028913,-2.89,1.015749,No,0.00,0.00
id#149,1161.9086,3986.43,2591.18,1058.0961,3812.60,3880.71,-0.017549,-1.75,1.029965,No,0.00,0.00
id#150,1161.9086,2532.63,1646.21,1058.0961,2306.35,5118.85,-0.549440,-54.94,0.980704,Yes,823.11,905.42
id#151,1161.9086,3837.02,2494.06,1058.0961,3536.14,3832.46,-0.077318,-7.73,0.992479,Yes,1247.03,1371.73
id#152,1161.9086,2352.83,1529.34,1058.0961,2142.61,4737.17,-0.547702,-54.77,0.980704,Yes,764.67,841.14
id#153,1161.9086,4140.28,2691.18,1058.0961,3952.76,4014.37,-0.015348,-1.53,1.028149,No,0.00,0.00
id#154,1161.9086,4562.82,2965.83,1058.0961,4261.00,4591.69,-0.072021,-7.20,1.005687,No,0.00,0.00
id#155,1161.9086,3355.99,2181.39,1058.0961,3056.14,4720.71,-0.352610,-35.26,0.980704,Yes,1090.70,1199.76
id#156,1161.9086,2110.88,1372.07,1058.0961,1922.28,5294.31,-0.636917,-63.69,0.980704,Yes,686.03,754.64
id#157,1161.9086,3953.61,2569.85,1058.0961,3600.37,5428.73,-0.336794,-33.68,0.980704,Yes,1284.92,1413.42
id#158,1161.9086,4173.75,2712.94,1058.0961,3800.84,5926.92,-0.358715,-35.87,0.980704,Yes,1356.47,1492.12
id#159,1161.9086,5375.59,3494.14,1058.0961,5066.09,5296.52,-0.043506,-4.35,1.014918,No,0.00,0.00
id#160,1161.9086,3437.82,2234.58,1058.0961,3149.87,3592.37,-0.123178,-12.32,0.986720,Yes,1117.29,1229.02
id#161,1161.9086,3169.03,2059.87,1058.0961,2885.89,5137.78,-0.438301,-43.83,0.980704,Yes,1029.93,1132.93
id#162,1161.9086,3274.90,2128.69,1058.0961,2982.30,5266.45,-0.433717,-43.37,0.980704,Yes,1064.34,1170.78
id#163,1161.9086,2738.95,1780.31,1058.0961,2494.23,7303.01,-0.658465,-65.85,0.980704,Yes,890.16,979.17
id#164,1161.9086,2991.19,1944.27,1058.0961,2723.93,4726.91,-0.423739,-42.37,0.980704,Yes,972.14,1069.35
id#165,1161.9086,2367.65,1538.97,1058.0961,2156.10,5420.77,-0.602251,-60.23,0.980704,Yes,769.48,846.43
id#166,1161.9086,3304.32,2147.81,1058.0961,3009.09,4347.27,-0.307821,-30.78,0.980704,Yes,1073.90,1181.29
id#167,1161.9086,3091.91,2009.74,1058.0961,2815.66,4137.91,-0.319545,-31.95,0.980704,Yes,1004.87,1105.36
id#168,1161.9086,3522.52,2289.64,1058.0961,3207.79,4271.17,-0.248967,-24.90,0.980704,Yes,1144.82,1259.30
id#169,1161.9086,5616.03,3650.42,1058.0961,5172.95,5563.48,-0.070195,-7.02,0.991959,Yes,1825.21,2007.73
id#170,1161.9086,3731.79,2425.67,1058.0961,3398.37,4039.54,-0.158724,-15.87,0.980704,Yes,1212.83,1334.12
id#171,1161.9086,3281.57,2133.02,1058.0961,2988.37,6115.71,-0.511361,-51.14,0.980704,Yes,1066.51,1173.16
id#172,1161.9086,3149.70,2047.31,1058.0961,2868.29,5361.84,-0.465055,-46.51,0.980704,Yes,1023.65,1126.02
id#173,1161.9086,4316.64,2805.81,1058.0961,4000.88,4289.01,-0.067179,-6.72,0.998147,Yes,1402.91,1543.20
id#174,1161.9086,3619.85,2352.90,1058.0961,3296.43,5436.55,-0.393655,-39.37,0.980704,Yes,1176.45,1294.09
id#175,1161.9086,2966.63,1928.31,1058.0961,2701.57,6049.27,-0.553405,-55.34,0.980704,Yes,964.15,1060.57
id#176,1161.9086,2722.33,1769.52,1058.0961,2479.10,5491.42,-0.548550,-54.85,0.980704,Yes,884.76,973.23
id#177,1161.9086,4376.35,2844.63,1058.0961,4170.87,4201.35,-0.007256,-0.73,1.026357,No,0.00,0.00
id#178,1161.9086,2617.24,1701.20,1058.0961,2383.40,4610.92,-0.483098,-48.31,0.980704,Yes,850.60,935.66
id#179,1161.9086,4067.30,2643.75,1058.0961,3843.88,3929.31,-0.021741,-2.17,1.017767,No,0.00,0.00
id#180,1161.9086,2896.65,1882.82,1058.0961,2637.84,5807.06,-0.545752,-54.58,0.980704,Yes,941.41,1035.55
id#181,1161.9086,3110.83,2022.04,1058.0961,2832.89,4959.15,-0.428755,-42.88,0.980704,Yes,1011.02,1112.12
id#182,1161.9086,2595.47,1687.05,1058.0961,2363.57,5911.99,-0.600207,-60.02,0.980704,Yes,843.53,927.88
id#183,1161.9086,3152.20,2048.93,1058.0961,2870.56,5316.13,-0.460028,-46.00,0.980704,Yes,1024.47,1126.91
id#184,1161.9086,3461.82,2250.18,1058.0961,3152.51,4179.83,-0.245780,-24.58,0.980704,Yes,1125.09,1237.60
id#185,1161.9086,3048.00,1981.20,1058.0961,2775.67,6413.71,-0.567228,-56.72,0.980704,Yes,990.60,1089.66
id#186,1161.9086,4505.26,2928.42,1058.0961,4102.73,5305.40,-0.226689,-22.67,0.980704,Yes,1464.21,1610.63
id#187,1161.9086,3528.20,2293.33,1058.0961,3212.97,4557.34,-0.294991,-29.50,0.980704,Yes,1146.66,1261.33
id#188,1161.9086,3881.27,2522.83,1058.0961,3667.31,3823.73,-0.040905,-4.09,1.017557,No,0.00,0.00
id#189,1161.9086,3785.25,2460.41,1058.0961,3447.05,3935.91,-0.124205,-12.42,0.980704,Yes,1230.21,1353.23
id#190,1161.9086,3838.41,2494.97,1058.0961,3499.98,4917.09,-0.288202,-28.82,0.981969,Yes,1247.48,1372.23
id#191,1161.9086,2225.33,1446.46,1058.0961,2026.50,5731.25,-0.646412,-64.64,0.980704,Yes,723.23,795.56
id#192,1161.9086,3802.40,2471.56,1058.0961,3462.67,6610.69,-0.476201,-47.62,0.980704,Yes,1235.78,1359.36
id#193,1161.9086,3185.82,2070.78,1058.0961,3075.71,3077.34,-0.000532,-0.05,1.039702,No,0.00,0.00
id#194,1161.9086,3849.17,2501.96,1058.0961,3505.26,5396.82,-0.350496,-35.05,0.980704,Yes,1250.98,1376.08
id#195,1161.9086,5338.94,3470.31,1058.0961,5109.69,5131.55,-0.004262,-0.43,1.030680,No,0.00,0.00
id#196,1161.9086,4466.67,2903.34,1058.0961,4067.59,5669.79,-0.282586,-28.26,0.980704,Yes,1451.67,1596.84
id#197,1161.9086,3331.53,2165.49,1058.0961,3033.87,4160.04,-0.270712,-27.07,0.980704,Yes,1082.75,1191.02
id#198,1161.9086,4698.19,3053.82,1058.0961,4278.42,6032.40,-0.290759,-29.08,0.980704,Yes,1526.91,1679.60
id#199,1161.9086,2995.52,1947.08,1058.0961,2727.88,4980.50,-0.452289,-45.23,0.980704,Yes,973.54,1070.90
id#200,1161.9086,3712.72,2413.27,1058.0961,3580.64,3581.97,-0.000372,-0.04,1.038611,No,0.00,0.00
id#201,1161.9086,2569.37,1670.09,1058.0961,2339.81,4220.26,-0.445578,-44.56,0.980704,Yes,835.05,918.55
id#202,1161.9086,3179.20,2066.48,1058.0961,2895.15,6619.75,-0.562650,-56.27,0.980704,Yes,1033.24,1136.56
id#203,1161.9086,2115.68,1375.19,1058.0961,1926.65,5227.99,-0.631474,-63.15,0.980704,Yes,687.59,756.35
id#204,1161.9086,5109.62,3321.26,1058.0961,4765.75,5262.84,-0.094453,-9.45,1.004448,No,0.00,0.00
id#205,1161.9086,2961.67,1925.09,1058.0961,2697.05,6790.88,-0.602842,-60.28,0.980704,Yes,962.54,1058.80
id#206,1161.9086,2741.17,1781.76,1058.0961,2496.26,6083.92,-0.589696,-58.97,0.980704,Yes,890.88,979.97
id#207,1161.9086,3484.81,2265.13,1058.0961,3310.32,3405.63,-0.027987,-2.80,1.023000,No,0.00,0.00
id#208,1161.9086,2354.41,1530.36,1058.0961,2144.05,6391.14,-0.664528,-66.45,0.980704,Yes,765.18,841.70
id#209,1161.9086,3973.53,2582.79,1058.0961,3618.51,5245.36,-0.310150,-31.01,0.980704,Yes,1291.40,1420.54
id#210,1161.9086,3444.59,2238.98,1058.0961,3136.83,6592.38,-0.524173,-52.42,0.980704,Yes,1119.49,1231.44
id#211,1161.9086,2851.73,1853.63,1058.0961,2596.94,4724.01,-0.450268,-45.03,0.980704,Yes,926.81,1019.49
id#212,1161.9086,1881.22,1222.79,1058.0961,1713.14,4952.33,-0.654074,-65.41,0.980704,Yes,611.40,672.54
id#213,1161.9086,2327.50,1512.88,1058.0961,2119.55,5131.80,-0.586977,-58.70,0.980704,Yes,756.44,832.08
id#214,1161.9086,4014.01,2609.10,1058.0961,3655.37,4131.81,-0.115311,-11.53,0.980704,Yes,1304.55,1435.01
id#215,1161.9086,3541.70,2302.11,1058.0961,3387.32,3429.49,-0.012296,-1.23,1.029980,No,0.00,0.00
id#216,1161.9086,3209.68,2086.29,1058.0961,2922.91,5980.20,-0.511236,-51.12,0.980704,Yes,1043.15,1147.46
id#217,1161.9086,5145.91,3344.84,1058.0961,4862.98,4968.57,-0.021252,-2.13,1.017711,No,0.00,0.00
id#218,1161.9086,4128.84,2683.75,1058.0961,3856.30,4361.13,-0.115757,-11.58,1.005836,No,0.00,0.00
id#219,1161.9086,1959.02,1273.37,1058.0961,1783.99,5227.51,-0.658730,-65.87,0.980704,Yes,636.68,700.35
id#220,1161.9086,4022.09,2614.36,1058.0961,3662.73,5032.60,-0.272199,-27.22,0.980704,Yes,1307.18,1437.90
id#221,1161.9086,3080.25,2002.16,1058.0961,2805.04,5507.53,-0.490691,-49.07,0.980704,Yes,1001.08,1101.19
id#222,1161.9086,2340.65,1521.42,1058.0961,2131.52,6896.66,-0.690935,-69.09,0.980704,Yes,760.71,836.78
id#223,1161.9086,4539.32,2950.56,1058.0961,4133.75,6678.88,-0.381072,-38.11,0.980704,Yes,1475.28,1622.81
id#224,1161.9086,1813.58,1178.83,1058.0961,1651.55,4930.15,-0.665011,-66.50,0.980704,Yes,589.42,648.36
id#225,1161.9086,3139.15,2040.45,1058.0961,2858.68,7080.84,-0.596280,-59.63,0.980704,Yes,1020.22,1122.25
id#226,1161.9086,4279.74,2781.83,1058.0961,3897.36,6562.30,-0.406099,-40.61,0.980704,Yes,1390.91,1530.01
id#227,1161.9086,4710.71,3061.96,1058.0961,4428.82,4523.14,-0.020853,-2.09,1.012479,No,0.00,0.00
id#228,1161.9086,5878.29,3820.89,1058.0961,5456.01,5652.25,-0.034718,-3.47,0.999560,Yes,1910.45,2101.49
id#229,1161.9086,3753.15,2439.55,1058.0961,3417.82,6199.20,-0.448668,-44.87,0.980704,Yes,1219.77,1341.75
id#230,1161.9086,2472.57,1607.17,1058.0961,2251.65,6270.56,-0.640917,-64.09,0.980704,Yes,803.58,883.94
id#231,1161.9086,2828.66,1838.63,1058.0961,2575.93,7440.65,-0.653803,-65.38,0.980704,Yes,919.32,1011.25
id#232,1161.9086,3221.65,2094.07,1058.0961,2933.81,5375.66,-0.454242,-45.42,0.980704,Yes,1047.04,1151.74
id#233,1161.9086,1966.93,1278.51,1058.0961,1791.19,5560.57,-0.677876,-67.79,0.980704,Yes,639.25,703.18
id#234,1161.9086,3280.58,2132.38,1058.0961,2987.47,4884.25,-0.388346,-38.83,0.980704,Yes,1066.19,1172.81
id#235,1161.9086,3344.85,2174.15,1058.0961,3046.00,7338.91,-0.584952,-58.50,0.980704,Yes,1087.08,1195.78
id#236,1161.9086,4903.74,3187.43,1058.0961,4674.45,4825.13,-0.031228,-3.12,1.026568,No,0.00,0.00
id#237,1161.9086,2958.09,1922.76,1058.0961,2696.00,3983.26,-0.323169,-32.32,0.981508,Yes,961.38,1057.52
id#238,1161.9086,2929.54,1904.20,1058.0961,2667.80,5107.96,-0.477718,-47.77,0.980704,Yes,952.10,1047.31
id#239,1161.9086,3798.07,2468.75,1058.0961,3458.73,5032.96,-0.312784,-31.28,0.980704,Yes,1234.37,1357.81
id#240,1161.9086,3401.01,2210.66,1058.0961,3097.14,4285.66,-0.277323,-27.73,0.980704,Yes,1105.33,1215.86
id#241,1161.9086,4636.77,3013.90,1058.0961,4222.54,5046.10,-0.163207,-16.32,0.980716,Yes,1506.95,1657.64
id#242,1161.9086,2134.59,1387.49,1058.0961,1943.88,4521.19,-0.570052,-57.01,0.980704,Yes,693.74,763.12
id#243,1161.9086,3894.45,2531.39,1058.0961,3546.49,4506.18,-0.212971,-21.30,0.980704,Yes,1265.70,1392.27
id#244,1161.9086,4321.75,2809.13,1058.0961,3935.61,5592.88,-0.296317,-29.63,0.980704,Yes,1404.57,1545.02
id#245,1161.9086,3181.89,2068.23,1058.0961,2897.60,6546.04,-0.557351,-55.74,0.980704,Yes,1034.11,1137.53
id#246,1161.9086,4116.61,2675.79,1058.0961,3748.80,6565.82,-0.429043,-42.90,0.980704,Yes,1337.90,1471.69
id#247,1161.9086,2981.57,1938.02,1058.0961,2715.18,4382.71,-0.380480,-38.05,0.980704,Yes,969.01,1065.91
id#248,1161.9086,3548.07,2306.24,1058.0961,3317.41,3469.33,-0.043790,-4.38,1.006913,No,0.00,0.00
id#249,1161.9086,3518.07,2286.75,1058.0961,3203.75,6964.98,-0.540021,-54.00,0.980704,Yes,1143.37,1257.71
id#250,1161.9086,5054.91,3285.69,1058.0961,4620.55,5317.19,-0.131017,-13.10,0.984385,Yes,1642.85,1807.13
id#251,1161.9086,4186.45,2721.19,1058.0961,3868.51,4968.53,-0.221397,-22.14,0.995138,Yes,1360.60,1496.66
id#252,1161.9086,3797.17,2468.16,1058.0961,3457.91,6704.90,-0.484272,-48.43,0.980704,Yes,1234.08,1357.49
id#253,1161.9086,5025.78,3266.76,1058.0961,4576.74,6348.95,-0.279134,-27.91,0.980704,Yes,1633.38,1796.72
id#254,1161.9086,4900.21,3185.14,1058.0961,4556.44,4938.20,-0.077307,-7.73,1.001373,No,0.00,0.00
id#255,1161.9086,3861.88,2510.22,1058.0961,3594.91,3801.83,-0.054428,-5.44,1.002476,No,0.00,0.00
id#256,1161.9086,3511.51,2282.48,1058.0961,3197.77,5111.53,-0.374401,-37.44,0.980704,Yes,1141.24,1255.37
id#257,1161.9086,4088.37,2657.44,1058.0961,3723.09,5920.44,-0.371146,-37.11,0.980704,Yes,1328.72,1461.59
id#258,1161.9086,4725.49,3071.57,1058.0961,4303.29,6303.22,-0.317288,-31.73,0.980704,Yes,1535.79,1689.36
id#259,1161.9086,2086.76,1356.40,1058.0961,1900.32,4779.30,-0.602386,-60.24,0.980704,Yes,678.20,746.02
id#260,1161.9086,2566.80,1668.42,1058.0961,2337.46,6174.78,-0.621450,-62.15,0.980704,Yes,834.21,917.63
id#261,1161.9086,3358.39,2182.95,1058.0961,3203.68,3254.93,-0.015745,-1.57,1.027314,No,0.00,0.00
id#262,1161.9086,4983.96,3239.57,1058.0961,4538.66,6102.14,-0.256219,-25.62,0.980704,Yes,1619.79,1781.76
id#263,1161.9086,3023.56,1965.32,1058.0961,2753.42,4817.03,-0.428400,-42.84,0.980704,Yes,982.66,1080.92
id#264,1161.9086,3865.79,2512.77,1058.0961,3574.71,4152.44,-0.139132,-13.91,0.995833,Yes,1256.38,1382.02
id#265,1161.9086,3596.13,2337.48,1058.0961,3274.83,6462.22,-0.493235,-49.32,0.980704,Yes,1168.74,1285.62
id#266,1161.9086,3756.38,2441.65,1058.0961,3518.50,3780.77,-0.069370,-6.94,1.008725,No,0.00,0.00
id#267,1161.9086,3352.63,2179.21,1058.0961,3166.60,3337.49,-0.051202,-5.12,1.017168,No,0.00,0.00
id#268,1161.9086,3960.26,2574.17,1058.0961,3606.43,5836.87,-0.382130,-38.21,0.980704,Yes,1287.09,1415.79
id#269,1161.9086,5060.09,3289.06,1058.0961,4656.74,5711.91,-0.184730,-18.47,0.991081,Yes,1644.53,1808.98
id#270,1161.9086,5074.57,3298.47,1058.0961,4667.00,5668.05,-0.176612,-17.66,0.990429,Yes,1649.24,1814.16
id#271,1161.9086,2981.12,1937.73,1058.0961,2714.77,5923.26,-0.541677,-54.17,0.980704,Yes,968.86,1065.75
id#272,1161.9086,4791.39,3114.40,1058.0961,4363.29,5319.36,-0.179734,-17.97,0.980704,Yes,1557.20,1712.92
id#273,1161.9086,2718.74,1767.18,1058.0961,2475.83,5585.85,-0.556767,-55.68,0.980704,Yes,883.59,971.95
id#274,1161.9086,3600.21,2340.14,1058.0961,3278.55,4204.43,-0.220217,-22.02,0.980704,Yes,1170.07,1287.08
id#275,1161.9086,3031.77,1970.65,1058.0961,2760.89,6648.16,-0.584714,-58.47,0.980704,Yes,985.32,1083.86
id#276,1161.9086,3457.21,2247.19,1058.0961,3148.32,6317.99,-0.501689,-50.17,0.980704,Yes,1123.59,1235.95
id#277,1161.9086,5094.34,3311.32,1058.0961,4819.58,5002.36,-0.036538,-3.65,1.018841,No,0.00,0.00
id#278,1161.9086,3141.76,2042.15,1058.0961,2861.06,5031.85,-0.431411,-43.14,0.980704,Yes,1021.07,1123.18
id#279,1161.9086,3375.48,2194.06,1058.0961,3073.90,7362.91,-0.582516,-58.25,0.980704,Yes,1097.03,1206.74
id#280,1161.9086,2719.44,1767.64,1058.0961,2476.47,4705.60,-0.473719,-47.37,0.980704,Yes,883.82,972.20
id#281,1161.9086,4507.81,2930.08,1058.0961,4105.06,5446.64,-0.246314,-24.63,0.980704,Yes,1465.04,1611.54
id#282,1161.9086,4373.68,2842.89,1058.0961,4038.45,4961.40,-0.186026,-18.60,0.994380,Yes,1421.45,1563.59
id#283,1161.9086,2101.96,1366.27,1058.0961,1914.16,5136.96,-0.627375,-62.74,0.980704,Yes,683.14,751.45
id#284,1161.9086,3291.79,2139.66,1058.0961,2997.68,5748.08,-0.478491,-47.85,0.980704,Yes,1069.83,1176.81
id#285,1161.9086,3600.70,2340.45,1058.0961,3278.99,6092.45,-0.461795,-46.18,0.980704,Yes,1170.23,1287.25
id#286,1161.9086,2586.81,1681.43,1058.0961,2355.69,4924.87,-0.521675,-52.17,0.980704,Yes,840.71,924.79
id#287,1161.9086,2941.03,1911.67,1058.0961,2678.26,5872.15,-0.543904,-54.39,0.980704,Yes,955.84,1051.42
id#288,1161.9086,3873.39,2517.70,1058.0961,3527.31,6341.91,-0.443809,-44.38,0.980704,Yes,1258.85,1384.74
id#289,1161.9086,3772.78,2452.31,1058.0961,3435.70,4822.43,-0.287558,-28.76,0.980704,Yes,1226.15,1348.77
id#290,1161.9086,3047.49,1980.87,1058.0961,2775.21,6746.81,-0.588664,-58.87,0.980704,Yes,990.43,1089.48
id#291,1161.9086,4208.55,2735.56,1058.0961,3832.53,6246.13,-0.386415,-38.64,0.980704,Yes,1367.78,1504.56
id#292,1161.9086,3659.12,2378.43,1058.0961,3332.19,6789.07,-0.509184,-50.92,0.980704,Yes,1189.21,1308.13
id#293,1161.9086,2324.13,1510.68,1058.0961,2116.47,5861.50,-0.638919,-63.89,0.980704,Yes,755.34,830.88
id#294,1161.9086,1871.52,1216.49,1058.0961,1704.31,4797.42,-0.644745,-64.47,0.980704,Yes,608.24,669.07
id#295,1161.9086,3713.09,2413.51,1058.0961,3510.65,3622.76,-0.030947,-3.09,1.018208,No,0.00,0.00
id#296,1161.9086,5322.38,3459.55,1058.0961,5090.54,5113.64,-0.004519,-0.45,1.030011,No,0.00,0.00
id#297,1161.9086,3206.54,2084.25,1058.0961,2920.05,5596.05,-0.478194,-47.82,0.980704,Yes,1042.13,1146.34
id#298,1161.9086,4456.85,2896.95,1058.0961,4295.04,4304.96,-0.002304,-0.23,1.037824,No,0.00,0.00
id#299,1161.9086,2997.03,1948.07,1058.0961,2729.26,7697.13,-0.645418,-64.54,0.980704,Yes,974.04,1071.44
id#300,1161.9086,3816.92,2481.00,1058.0961,3475.89,5641.13,-0.383831,-38.38,0.980704,Yes,1240.50,1364.55
id#301,1161.9086,5117.61,3326.45,1058.0961,4818.01,4985.14,-0.033525,-3.35,1.013878,No,0.00,0.00
id#302,1161.9086,2431.37,1580.39,1058.0961,2214.13,6019.63,-0.632181,-63.22,0.980704,Yes,790.19,869.21
id#303,1161.9086,4693.12,3050.53,1058.0961,4273.80,6323.32,-0.324120,-32.41,0.980704,Yes,1525.26,1677.79
id#304,1161.9086,2855.38,1856.00,1058.0961,2600.26,6195.07,-0.580269,-58.03,0.980704,Yes,928.00,1020.80
id#305,1161.9086,3945.01,2564.26,1058.0961,3615.75,3987.61,-0.093255,-9.33,0.987039,Yes,1282.13,1410.34
id#306,1161.9086,4725.98,3071.88,1058.0961,4465.52,4692.17,-0.048305,-4.83,1.017572,No,0.00,0.00
id#307,1161.9086,2688.38,1747.45,1058.0961,2448.18,4744.08,-0.483950,-48.40,0.980704,Yes,873.72,961.09
id#308,1161.9086,3824.18,2485.72,1058.0961,3623.89,3864.53,-0.062271,-6.23,1.020517,No,0.00,0.00
id#309,1161.9086,4749.09,3086.91,1058.0961,4390.87,4916.29,-0.106872,-10.69,0.995692,Yes,1543.45,1697.80
id#310,1161.9086,3299.87,2144.91,1058.0961,3005.04,4893.10,-0.385862,-38.59,0.980704,Yes,1072.46,1179.70
id#311,1161.9086,5713.58,3713.83,1058.0961,5275.93,5681.04,-0.071309,-7.13,0.994432,Yes,1856.91,2042.61
id#312,1161.9086,3647.90,2371.14,1058.0961,3321.97,4742.71,-0.299563,-29.96,0.980704,Yes,1185.57,1304.12
id#313,1161.9086,2290.35,1488.73,1058.0961,2085.72,4292.22,-0.514070,-51.41,0.980704,Yes,744.37,818.80
id#314,1161.9086,3785.16,2460.36,1058.0961,3612.50,3717.48,-0.028238,-2.82,1.027800,No,0.00,0.00
id#315,1161.9086,4494.52,2921.44,1058.0961,4092.95,5863.95,-0.302015,-30.20,0.980704,Yes,1460.72,1606.79
id#316,1161.9086,2802.04,1821.33,1058.0961,2551.69,4354.00,-0.413944,-41.39,0.980704,Yes,910.66,1001.73
id#317,1161.9086,4212.53,2738.15,1058.0961,3853.43,4193.09,-0.081005,-8.10,0.985119,Yes,1369.07,1505.98
id#318,1161.9086,2236.41,1453.67,1058.0961,2036.60,5926.65,-0.656366,-65.64,0.980704,Yes,726.83,799.52
id#319,1161.9086,3560.39,2314.25,1058.0961,3242.28,4973.15,-0.348043,-34.80,0.980704,Yes,1157.13,1272.84
id#320,1161.9086,3337.70,2169.50,1058.0961,3039.49,5667.50,-0.463699,-46.37,0.980704,Yes,1084.75,1193.23
id#321,1161.9086,3475.52,2259.09,1058.0961,3194.75,3649.71,-0.124655,-12.47,0.989923,Yes,1129.55,1242.50
id#322,1161.9086,4360.04,2834.03,1058.0961,4171.68,4249.97,-0.018422,-1.84,1.030398,No,0.00,0.00
id#323,1161.9086,2686.79,1746.42,1058.0961,2446.74,4716.96,-0.481289,-48.13,0.980704,Yes,873.21,960.53
id#324,1161.9086,2837.49,1844.37,1058.0961,2583.97,5972.16,-0.567331,-56.73,0.980704,Yes,922.18,1014.40
id#325,1161.9086,3563.16,2316.06,1058.0961,3245.77,4826.93,-0.327570,-32.76,0.980996,Yes,1158.03,1273.83
id#326,1161.9086,3570.77,2321.00,1058.0961,3251.73,4694.02,-0.307262,-30.73,0.980704,Yes,1160.50,1276.55
id#327,1161.9086,2419.74,1572.83,1058.0961,2203.55,5932.46,-0.628562,-62.86,0.980704,Yes,786.42,865.06
id#328,1161.9086,4029.51,2619.18,1058.0961,3675.28,4258.73,-0.136999,-13.70,0.982252,Yes,1309.59,1440.55
id#329,1161.9086,4734.65,3077.52,1058.0961,4430.50,4561.33,-0.028683,-2.87,1.007743,No,0.00,0.00
id#330,1161.9086,5128.58,3333.58,1058.0961,4877.55,5090.45,-0.041823,-4.18,1.024212,No,0.00,0.00
id#331,1161.9086,2566.19,1668.02,1058.0961,2336.91,4099.35,-0.429932,-42.99,0.980704,Yes,834.01,917.41
id#332,1161.9086,4606.87,2994.47,1058.0961,4195.26,5751.98,-0.270640,-27.06,0.980704,Yes,1497.23,1646.96
id#333,1161.9086,3990.20,2593.63,1058.0961,3633.69,4969.87,-0.268856,-26.89,0.980704,Yes,1296.82,1426.50
id#334,1161.9086,4284.79,2785.12,1058.0961,4030.83,4250.59,-0.051699,-5.17,1.013094,No,0.00,0.00
id#335,1161.9086,3491.25,2269.31,1058.0961,3179.32,7111.87,-0.552956,-55.30,0.980704,Yes,1134.66,1248.12
id#336,1161.9086,4826.59,3137.28,1058.0961,4579.79,4810.20,-0.047900,-4.79,1.021857,No,0.00,0.00
id#337,1161.9086,3926.43,2552.18,1058.0961,3575.62,5274.10,-0.322043,-32.20,0.980704,Yes,1276.09,1403.70
id#338,1161.9086,4034.42,2622.37,1058.0961,3673.95,6612.70,-0.444410,-44.44,0.980704,Yes,1311.18,1442.30
id#339,1161.9086,4918.61,3197.10,1058.0961,4479.15,5439.81,-0.176598,-17.66,0.980704,Yes,1598.55,1758.40
id#340,1161.9086,3256.44,2116.68,1058.0961,2965.48,5360.35,-0.446774,-44.68,0.980704,Yes,1058.34,1164.18
id#341,1161.9086,5075.01,3298.76,1058.0961,4816.14,4865.04,-0.010050,-1.00,1.021992,No,0.00,0.00
id#342,1161.9086,3743.05,2432.98,1058.0961,3413.90,4790.98,-0.287433,-28.74,0.982222,Yes,1216.49,1338.14
id#343,1161.9086,1788.59,1162.58,1058.0961,1628.79,4816.27,-0.661816,-66.18,0.980704,Yes,581.29,639.42
id#344,1161.9086,3783.09,2459.01,1058.0961,3445.08,6179.26,-0.442476,-44.25,0.980704,Yes,1229.50,1352.45
id#345,1161.9086,2542.70,1652.75,1058.0961,2315.52,4684.63,-0.505720,-50.57,0.980704,Yes,826.38,909.01
id#346,1161.9086,4336.11,2818.47,1058.0961,3990.79,4742.04,-0.158422,-15.84,0.991160,Yes,1409.23,1550.16
id#347,1161.9086,4403.53,2862.29,1058.0961,4010.09,5454.31,-0.264786,-26.48,0.980704,Yes,1431.15,1574.26
id#348,1161.9086,2928.53,1903.55,1058.0961,2666.88,5056.91,-0.472627,-47.26,0.980704,Yes,951.77,1046.95
id#349,1161.9086,2487.00,1616.55,1058.0961,2264.80,6912.45,-0.672360,-67.24,0.980704,Yes,808.28,889.10
id#350,1161.9086,2738.21,1779.83,1058.0961,2493.56,5686.42,-0.561489,-56.15,0.980704,Yes,889.92,978.91
id#351,1161.9086,3196.17,2077.51,1058.0961,2910.60,3987.52,-0.270074,-27.01,0.980704,Yes,1038.75,1142.63
id#352,1161.9086,4203.26,2732.12,1058.0961,3975.69,4150.71,-0.042166,-4.22,1.018619,No,0.00,0.00
id#353,1161.9086,3945.35,2564.48,1058.0961,3592.85,5457.89,-0.341715,-34.17,0.980704,Yes,1282.24,1410.46
id#354,1161.9086,1671.62,1086.55,1058.0961,1522.27,4913.29,-0.690174,-69.02,0.980704,Yes,543.28,597.60
id#355,1161.9086,3481.39,2262.90,1058.0961,3190.04,4327.83,-0.262901,-26.29,0.986797,Yes,1131.45,1244.60
id#356,1161.9086,3091.71,2009.61,1058.0961,2815.70,3993.24,-0.294883,-29.49,0.980784,Yes,1004.80,1105.29
id#357,1161.9086,3902.41,2536.56,1058.0961,3553.94,5181.21,-0.314072,-31.41,0.980759,Yes,1268.28,1395.11
id#358,1161.9086,3228.75,2098.69,1058.0961,2940.27,4259.78,-0.309761,-30.98,0.980704,Yes,1049.34,1154.28
id#359,1161.9086,5274.44,3428.39,1058.0961,5002.77,5060.05,-0.011321,-1.13,1.021453,No,0.00,0.00
id#360,1161.9086,3215.34,2089.97,1058.0961,2928.06,6023.37,-0.513883,-51.39,0.980704,Yes,1044.99,1149.48
id#361,1161.9086,2303.79,1497.46,1058.0961,2097.95,6089.09,-0.655457,-65.55,0.980704,Yes,748.73,823.61
id#362,1161.9086,3899.17,2534.46,1058.0961,3550.79,6737.01,-0.472942,-47.29,0.980704,Yes,1267.23,1393.95
id#363,1161.9086,2805.74,1823.73,1058.0961,2555.06,4720.38,-0.458718,-45.87,0.980704,Yes,911.87,1003.05
id#364,1161.9086,3430.24,2229.65,1058.0961,3254.09,3432.59,-0.052003,-5.20,1.021620,No,0.00,0.00
id#365,1161.9086,4082.51,2653.63,1058.0961,3717.75,6830.41,-0.455707,-45.57,0.980704,Yes,1326.81,1459.50
id#366,1161.9086,3954.81,2570.63,1058.0961,3770.61,3896.49,-0.032304,-3.23,1.026765,No,0.00,0.00
id#367,1161.9086,4606.02,2993.91,1058.0961,4220.99,5231.41,-0.193144,-19.31,0.986900,Yes,1496.96,1646.65
id#368,1161.9086,4004.83,2603.14,1058.0961,3647.02,6768.51,-0.461179,-46.12,0.980704,Yes,1301.57,1431.73
id#369,1161.9086,4573.88,2973.02,1058.0961,4383.09,4407.16,-0.005462,-0.55,1.032002,No,0.00,0.00
id#370,1161.9086,3666.63,2383.31,1058.0961,3357.72,4196.62,-0.199900,-19.99,0.986192,Yes,1191.66,1310.82
id#371,1161.9086,3827.01,2487.56,1058.0961,3485.08,6201.83,-0.438056,-43.81,0.980704,Yes,1243.78,1368.16
id#372,1161.9086,3468.39,2254.46,1058.0961,3158.50,6900.56,-0.542283,-54.23,0.980704,Yes,1127.23,1239.95
id#373,1161.9086,4198.94,2729.31,1058.0961,3841.99,5067.05,-0.241770,-24.18,0.985373,Yes,1364.66,1501.12
id#374,1161.9086,2794.39,1816.36,1058.0961,2544.72,6178.49,-0.588132,-58.81,0.980704,Yes,908.18,999.00
id#375,1161.9086,5530.54,3594.85,1058.0961,5167.07,5446.44,-0.051294,-5.13,1.006148,No,0.00,0.00
id#376,1161.9086,2727.40,1772.81,1058.0961,2483.72,4196.53,-0.408150,-40.81,0.980704,Yes,886.41,975.05
id#377,1161.9086,2730.59,1774.88,1058.0961,2486.62,6644.22,-0.625747,-62.57,0.980704,Yes,887.44,976.18
id#378,1161.9086,5612.63,3648.21,1058.0961,5207.84,5489.26,-0.051267,-5.13,0.999255,Yes,1824.10,2006.51
id#379,1161.9086,4109.37,2671.09,1058.0961,3742.22,4910.14,-0.237860,-23.79,0.980704,Yes,1335.55,1469.10
id#380,1161.9086,2814.19,1829.22,1058.0961,2562.75,5412.95,-0.526552,-52.66,0.980704,Yes,914.61,1006.07
id#381,1161.9086,4298.12,2793.78,1058.0961,3914.10,6615.20,-0.408317,-40.83,0.980704,Yes,1396.89,1536.58
id#382,1161.9086,2500.13,1625.08,1058.0961,2276.75,5409.61,-0.579129,-57.91,0.980704,Yes,812.54,893.80
id#383,1161.9086,3271.36,2126.38,1058.0961,3019.53,3576.53,-0.155740,-15.57,0.994020,Yes,1063.19,1169.51
id#384,1161.9086,2419.42,1572.62,1058.0961,2203.25,6278.83,-0.649099,-64.91,0.980704,Yes,786.31,864.94
id#385,1161.9086,3597.64,2338.46,1058.0961,3276.20,4136.31,-0.207942,-20.79,0.980704,Yes,1169.23,1286.16
id#386,1161.9086,5003.22,3252.09,1058.0961,4672.29,5307.40,-0.119665,-11.97,1.005691,No,0.00,0.00
id#387,1161.9086,5465.91,3552.84,1058.0961,5190.55,5273.12,-0.015660,-1.57,1.022670,No,0.00,0.00
id#388,1161.9086,3117.98,2026.69,1058.0961,2839.40,5933.71,-0.521480,-52.15,0.980704,Yes,1013.34,1114.68
id#389,1161.9086,3542.27,2302.48,1058.0961,3225.78,6060.85,-0.467768,-46.78,0.980704,Yes,1151.24,1266.36
id#390,1161.9086,4436.14,2883.49,1058.0961,4265.98,4285.03,-0.004447,-0.44,1.035614,No,0.00,0.00
id#391,1161.9086,2748.98,1786.84,1058.0961,2503.37,5899.49,-0.575663,-57.57,0.980704,Yes,893.42,982.76
id#392,1161.9086,5298.63,3444.11,1058.0961,4860.83,5779.28,-0.158920,-15.89,0.987943,Yes,1722.05,1894.26
id#393,1161.9086,4490.82,2919.03,1058.0961,4243.19,4393.39,-0.034190,-3.42,1.017539,No,0.00,0.00
id#394,1161.9086,3436.46,2233.70,1058.0961,3129.43,4074.53,-0.231954,-23.20,0.980704,Yes,1116.85,1228.54
id#395,1161.9086,3347.15,2175.65,1058.0961,3048.10,5740.80,-0.469046,-46.90,0.980704,Yes,1087.82,1196.61
id#396,1161.9086,2792.36,1815.03,1058.0961,2542.87,6892.42,-0.631063,-63.11,0.980704,Yes,907.52,998.27
id#397,1161.9086,2444.04,1588.63,1058.0961,2225.68,5136.23,-0.566671,-56.67,0.980704,Yes,794.31,873.75
id#398,1161.9086,3539.99,2300.99,1058.0961,3223.70,6157.86,-0.476490,-47.65,0.980704,Yes,1150.50,1265.55
id#399,1161.9086,4321.90,2809.24,1058.0961,4041.11,4544.09,-0.110688,-11.07,1.006957,No,0.00,0.00
id#400,1161.9086,4010.71,2606.96,1058.0961,3753.79,4069.86,-0.077662,-7.77,1.007937,No,0.00,0.00
id#401,1161.9086,3330.86,2165.06,1058.0961,3033.26,4367.84,-0.305547,-30.55,0.980704,Yes,1082.53,1190.78
id#402,1161.9086,3085.89,2005.83,1058.0961,2810.17,5326.50,-0.472417,-47.24,0.980704,Yes,1002.91,1103.21
id#403,1161.9086,4682.72,3043.77,1058.0961,4264.34,5981.76,-0.287110,-28.71,0.980704,Yes,1521.89,1674.07
id#404,1161.9086,3597.30,2338.25,1058.0961,3275.89,5558.38,-0.410638,-41.06,0.980704,Yes,1169.12,1286.03
id#405,1161.9086,1975.94,1284.36,1058.0961,1799.40,5433.94,-0.668860,-66.89,0.980704,Yes,642.18,706.40
id#406,1161.9086,4135.94,2688.36,1058.0961,3769.78,5248.68,-0.281766,-28.18,0.981582,Yes,1344.18,1478.60
id#407,1161.9086,4194.39,2726.36,1058.0961,3876.98,4201.23,-0.077180,-7.72,0.995425,Yes,1363.18,1499.50
id#408,1161.9086,3109.76,2021.34,1058.0961,2831.91,7456.21,-0.620194,-62.02,0.980704,Yes,1010.67,1111.74
id#409,1161.9086,2533.79,1646.97,1058.0961,2307.41,4635.55,-0.502237,-50.22,0.980704,Yes,823.48,905.83
id#410,1161.9086,3817.61,2481.45,1058.0961,3476.52,5352.74,-0.350516,-35.05,0.980704,Yes,1240.72,1364.80
id#411,1161.9086,3585.79,2330.76,1058.0961,3265.41,4194.14,-0.221435,-22.14,0.980704,Yes,1165.38,1281.92
id#412,1161.9086,3186.33,2071.11,1058.0961,2901.64,4591.05,-0.367980,-36.80,0.980704,Yes,1035.56,1139.11
id#413,1161.9086,2590.96,1684.12,1058.0961,2359.47,6367.38,-0.629445,-62.94,0.980704,Yes,842.06,926.27
id#414,1161.9086,5145.38,3344.49,1058.0961,4738.64,5161.35,-0.081900,-8.19,0.991793,Yes,1672.25,1839.47
id#415,1161.9086,3093.39,2010.70,1058.0961,2817.00,4136.95,-0.319063,-31.91,0.980704,Yes,1005.35,1105.89
id#416,1161.9086,4798.46,3119.00,1058.0961,4493.81,4690.80,-0.041995,-4.20,1.008550,No,0.00,0.00
id#417,1161.9086,5449.90,3542.44,1058.0961,5156.37,5246.27,-0.017135,-1.71,1.018920,No,0.00,0.00
id#418,1161.9086,3605.03,2343.27,1058.0961,3282.94,5291.82,-0.379621,-37.96,0.980704,Yes,1171.64,1288.80
id#419,1161.9086,2490.77,1619.00,1058.0961,2268.23,6495.40,-0.650794,-65.08,0.980704,Yes,809.50,890.45
id#420,1161.9086,4637.61,3014.45,1058.0961,4223.26,5306.92,-0.204198,-20.42,0.980704,Yes,1507.22,1657.95
id#421,1161.9086,3969.19,2579.97,1058.0961,3614.56,7030.45,-0.485871,-48.59,0.980704,Yes,1289.99,1418.98
id#422,1161.9086,4518.76,2937.19,1058.0961,4115.02,6191.48,-0.335374,-33.54,0.980704,Yes,1468.60,1615.46
id#423,1161.9086,2754.68,1790.54,1058.0961,2508.56,4119.52,-0.391056,-39.11,0.980704,Yes,895.27,984.80
id#424,1161.9086,3784.80,2460.12,1058.0961,3467.67,3884.07,-0.107208,-10.72,0.986687,Yes,1230.06,1353.06
id#425,1161.9086,4531.56,2945.51,1058.0961,4159.42,4852.15,-0.142768,-14.28,0.988485,Yes,1472.76,1620.03
id#426,1161.9086,3291.05,2139.18,1058.0961,3043.71,3692.62,-0.175731,-17.57,0.995987,Yes,1069.59,1176.55
id#427,1161.9086,2361.70,1535.11,1058.0961,2150.69,5822.35,-0.630614,-63.06,0.980704,Yes,767.55,844.31
id#428,1161.9086,3103.87,2017.52,1058.0961,2826.55,7663.02,-0.631144,-63.11,0.980704,Yes,1008.76,1109.63
id#429,1161.9086,2513.77,1633.95,1058.0961,2289.18,5649.99,-0.594836,-59.48,0.980704,Yes,816.98,898.67
id#430,1161.9086,4953.37,3219.69,1058.0961,4710.77,4755.46,-0.009397,-0.94,1.024179,No,0.00,0.00
id#431,1161.9086,2298.46,1494.00,1058.0961,2093.10,5476.73,-0.617820,-61.78,0.980704,Yes,747.00,821.70
id#432,1161.9086,3162.45,2055.59,1058.0961,2879.90,3734.25,-0.228787,-22.88,0.980704,Yes,1027.80,1130.58
id#433,1161.9086,4544.22,2953.74,1058.0961,4360.20,4391.13,-0.007043,-0.70,1.033314,No,0.00,0.00
id#434,1161.9086,4705.01,3058.26,1058.0961,4503.43,4592.16,-0.019321,-1.93,1.030783,No,0.00,0.00
id#435,1161.9086,3937.65,2559.48,1058.0961,3585.84,5661.25,-0.366599,-36.66,0.980704,Yes,1279.74,1407.71
id#436,1161.9086,5362.53,3485.64,1058.0961,4975.44,5674.33,-0.123167,-12.32,0.999186,Yes,1742.82,1917.10
id#437,1161.9086,3614.04,2349.12,1058.0961,3291.14,5264.28,-0.374818,-37.48,0.980704,Yes,1174.56,1292.02
id#438,1161.9086,3093.95,2011.07,1058.0961,2817.52,4292.92,-0.343683,-34.37,0.980704,Yes,1005.53,1106.09
id#439,1161.9086,4841.10,3146.71,1058.0961,4544.32,4875.93,-0.068010,-6.80,1.010903,No,0.00,0.00
id#440,1161.9086,4582.58,2978.68,1058.0961,4173.14,6357.07,-0.343543,-34.35,0.980704,Yes,1489.34,1638.27
id#441,1161.9086,4403.08,2862.00,1058.0961,4009.68,6398.55,-0.373345,-37.33,0.980704,Yes,1431.00,1574.10
id#442,1161.9086,2694.13,1751.19,1058.0961,2453.42,4793.53,-0.488180,-48.82,0.980704,Yes,875.59,963.15
id#443,1161.9086,3643.90,2368.54,1058.0961,3469.68,3541.90,-0.020390,-2.04,1.025432,No,0.00,0.00
id#444,1161.9086,3218.71,2092.16,1058.0961,2931.13,4501.65,-0.348876,-34.89,0.980704,Yes,1046.08,1150.69
id#445,1161.9086,4081.68,2653.09,1058.0961,3717.81,5191.65,-0.283886,-28.39,0.980920,Yes,1326.54,1459.20
id#446,1161.9086,2503.07,1627.00,1058.0961,2279.43,4172.70,-0.453727,-45.37,0.980704,Yes,813.50,894.85
id#447,1161.9086,5753.33,3739.66,1058.0961,5239.29,5832.76,-0.101748,-10.17,0.980704,Yes,1869.83,2056.82
id#448,1161.9086,4384.05,2849.63,1058.0961,3992.35,6600.36,-0.395132,-39.51,0.980704,Yes,1424.82,1567.30
id#449,1161.9086,3750.18,2437.61,1058.0961,3527.63,3648.63,-0.033162,-3.32,1.013017,No,0.00,0.00
id#450,1161.9086,4844.96,3149.23,1058.0961,4412.42,5524.04,-0.201232,-20.12,0.980779,Yes,1574.61,1732.07
id#451,1161.9086,3454.30,2245.29,1058.0961,3278.72,3451.19,-0.049975,-5.00,1.022183,No,0.00,0.00
id#452,1161.9086,2859.40,1858.61,1058.0961,2603.92,5646.11,-0.538811,-53.88,0.980704,Yes,929.31,1022.24
id#453,1161.9086,2893.87,1881.01,1058.0961,2635.31,4849.82,-0.456616,-45.66,0.980704,Yes,940.51,1034.56
id#454,1161.9086,2484.78,1615.11,1058.0961,2262.78,4345.84,-0.479324,-47.93,0.980704,Yes,807.55,888.31
id#455,1161.9086,3726.41,2422.17,1058.0961,3439.96,4074.13,-0.155658,-15.57,0.994139,Yes,1211.08,1332.19
id#456,1161.9086,4368.78,2839.71,1058.0961,3978.45,6458.66,-0.384014,-38.40,0.980704,Yes,1419.85,1561.84
id#457,1161.9086,3899.85,2534.91,1058.0961,3551.42,4798.15,-0.259836,-25.98,0.980704,Yes,1267.45,1394.20
id#458,1161.9086,3394.56,2206.47,1058.0961,3091.27,4006.26,-0.228391,-22.84,0.980704,Yes,1103.23,1213.56
id#459,1161.9086,4397.40,2858.31,1058.0961,4004.50,5572.14,-0.281334,-28.13,0.980704,Yes,1429.15,1572.07
id#460,1161.9086,3730.32,2424.71,1058.0961,3583.42,3589.79,-0.001775,-0.18,1.034513,No,0.00,0.00
id#461,1161.9086,3432.90,2231.39,1058.0961,3126.18,4797.35,-0.348351,-34.84,0.980704,Yes,1115.69,1227.26
id#462,1161.9086,2729.09,1773.91,1058.0961,2485.25,7486.16,-0.668020,-66.80,0.980704,Yes,886.95,975.65
id#463,1161.9086,5447.63,3540.96,1058.0961,5119.03,5390.38,-0.050339,-5.03,1.011964,No,0.00,0.00
id#464,1161.9086,3021.36,1963.88,1058.0961,2751.41,3895.25,-0.293649,-29.36,0.980704,Yes,981.94,1080.14
id#465,1161.9086,3619.82,2352.88,1058.0961,3454.22,3510.44,-0.016016,-1.60,1.027657,No,0.00,0.00
id#466,1161.9086,4103.65,2667.37,1058.0961,3857.99,3976.33,-0.029761,-2.98,1.012454,No,0.00,0.00
id#467,1161.9086,3601.12,2340.73,1058.0961,3279.37,5496.74,-0.403398,-40.34,0.980704,Yes,1170.36,1287.40
id#468,1161.9086,3487.21,2266.69,1058.0961,3175.64,4886.59,-0.350132,-35.01,0.980704,Yes,1133.34,1246.68
id#469,1161.9086,4002.59,2601.68,1058.0961,3644.97,4947.73,-0.263304,-26.33,0.980704,Yes,1300.84,1430.93
id#470,1161.9086,3487.70,2267.01,1058.0961,3176.09,6833.81,-0.535239,-53.52,0.980704,Yes,1133.50,1246.85
id#471,1161.9086,3865.52,2512.59,1058.0961,3652.16,3758.86,-0.028389,-2.84,1.017481,No,0.00,0.00
id#472,1161.9086,4576.50,2974.72,1058.0961,4252.10,4560.29,-0.067580,-6.76,1.000588,No,0.00,0.00
id#473,1161.9086,2336.54,1518.75,1058.0961,2127.77,5948.85,-0.642322,-64.23,0.980704,Yes,759.37,835.31
id#474,1161.9086,1891.89,1229.73,1058.0961,1722.85,4967.68,-0.653187,-65.32,0.980704,Yes,614.86,676.35
id#475,1161.9086,3248.08,2111.25,1058.0961,2957.87,7161.86,-0.586996,-58.70,0.980704,Yes,1055.63,1161.19
id#476,1161.9086,4694.88,3051.67,1058.0961,4503.45,4542.87,-0.008676,-0.87,1.033013,No,0.00,0.00
id#477,1161.9086,5359.53,3483.70,1058.0961,5175.49,5176.86,-0.000263,-0.03,1.039943,No,0.00,0.00
id#478,1161.9086,4639.28,3015.53,1058.0961,4225.25,6212.41,-0.319869,-31.99,0.980814,Yes,1507.77,1658.54
id#479,1161.9086,3914.98,2544.74,1058.0961,3580.34,4698.22,-0.237938,-23.79,0.984871,Yes,1272.37,1399.60
id#480,1161.9086,3030.11,1969.57,1058.0961,2759.38,4842.74,-0.430203,-43.02,0.980704,Yes,984.78,1083.26
id#481,1161.9086,2433.82,1581.98,1058.0961,2216.37,6680.92,-0.668255,-66.83,0.980704,Yes,790.99,870.09
id#482,1161.9086,3139.10,2040.42,1058.0961,2858.63,7439.81,-0.615765,-61.58,0.980704,Yes,1020.21,1122.23
id#483,1161.9086,4259.52,2768.69,1058.0961,4085.72,4096.69,-0.002680,-0.27,1.032980,No,0.00,0.00
id#484,1161.9086,3499.11,2274.42,1058.0961,3325.41,3419.19,-0.027428,-2.74,1.023464,No,0.00,0.00
id#485,1161.9086,3987.97,2592.18,1058.0961,3631.66,6943.33,-0.476957,-47.70,0.980704,Yes,1296.09,1425.70
id#486,1161.9086,1852.59,1204.18,1058.0961,1687.06,4945.73,-0.658885,-65.89,0.980704,Yes,602.09,662.30
id#487,1161.9086,2840.36,1846.24,1058.0961,2586.59,5264.07,-0.508634,-50.86,0.980704,Yes,923.12,1015.43
id#488,1161.9086,2127.74,1383.03,1058.0961,1937.63,6081.20,-0.681373,-68.14,0.980704,Yes,691.52,760.67
id#489,1161.9086,3163.90,2056.53,1058.0961,2881.21,7077.74,-0.592919,-59.29,0.980704,Yes,1028.27,1131.09
id#490,1161.9086,4049.93,2632.46,1058.0961,3900.40,3907.01,-0.001693,-0.17,1.037161,No,0.00,0.00
id#491,1161.9086,3814.90,2479.68,1058.0961,3474.05,5683.97,-0.388799,-38.88,0.980704,Yes,1239.84,1363.83
id#492,1161.9086,4664.75,3032.09,1058.0961,4495.68,4498.93,-0.000724,-0.07,1.037890,No,0.00,0.00
id#493,1161.9086,3794.21,2466.24,1058.0961,3500.82,3677.02,-0.047921,-4.79,0.993649,Yes,1233.12,1356.43
id#494,1161.9086,3823.64,2485.36,1058.0961,3482.01,6210.64,-0.439348,-43.93,0.980704,Yes,1242.68,1366.95
id#495,1161.9086,4753.89,3090.03,1058.0961,4491.28,4645.96,-0.033294,-3.33,1.017433,No,0.00,0.00
id#496,1161.9086,5408.40,3515.46,1058.0961,4925.18,5774.22,-0.147040,-14.70,0.980704,Yes,1757.73,1933.50
id#497,1161.9086,3873.90,2518.03,1058.0961,3527.78,5788.88,-0.390594,-39.06,0.980704,Yes,1259.02,1384.92
id#498,1161.9086,4324.39,2810.85,1058.0961,4065.39,4354.31,-0.066354,-6.64,1.012424,No,0.00,0.00
id#499,1161.9086,4986.27,3241.07,1058.0961,4726.80,4798.81,-0.015004,-1.50,1.020885,No,0.00,0.00
